/*--------------------------------*- C++ -*----------------------------------*\
| =========                 |                                                 |
| \\      /  F ield         | OpenFOAM: The Open Source CFD Toolbox           |
|  \\    /   O peration     | Version:  2406                                  |
|   \\  /    A nd           | Website:  www.openfoam.com                      |
|    \\/     M anipulation  |                                                 |
\*---------------------------------------------------------------------------*/
FoamFile
{
    version     2.0;
    format      ascii;
    arch        "LSB;label=32;scalar=64";
    class       cellSet;
    location    "constant/polyMesh/sets";
    object      twoInternalFacesCells;
}
// * * * * * * * * * * * * * * * * * * * * * * * * * * * * * * * * * * * * * //


2385
(
135169
143361
3
65539
28677
106502
32776
147467
90124
155662
12302
40977
151572
176150
172054
69654
110614
159767
135194
69661
163871
155679
122913
163878
135207
159785
155691
176172
4141
122929
139315
155700
176181
143413
54
16438
81975
147512
86073
167994
163903
122944
49220
159813
106565
163921
139345
143442
176213
176215
131159
163928
69721
135258
172123
65628
139356
176223
155751
143463
155753
159851
151663
98416
41075
176249
135299
168073
37002
155787
118925
143504
37010
118930
131218
147602
69779
168085
155798
16534
37018
151707
139420
135325
90272
143520
159906
20642
168102
143527
123052
135341
139445
106679
102586
118971
139452
114877
159934
159936
159943
176329
155851
176332
49357
20687
57553
37074
211
143571
41173
168151
106712
155865
102617
139481
155868
110814
24800
147680
131298
155885
135405
164080
24816
159992
131322
135421
155903
57599
168194
143618
127235
41221
119051
37132
33037
155919
20751
127247
123154
131348
147732
155925
131350
110871
82200
61723
110878
110880
147745
139555
143651
131364
135460
49446
168232
94505
143663
119088
69939
160053
131381
20790
123192
82233
65850
176447
160065
172354
61762
139588
147782
168267
61773
115026
131412
135511
172376
139608
176474
164191
135520
135522
164195
106852
135528
192873
74102
74104
102776
139644
151935
151939
98693
147845
139654
139655
131465
135561
143753
147849
131468
127374
33169
49554
127379
131476
164247
94616
24987
168349
160159
168353
53668
12711
164268
156076
135596
127405
135597
143789
74158
29103
123313
168370
147891
78261
127416
143800
82364
90560
82369
119237
147913
152014
135631
123345
160210
123347
168404
111060
25046
135639
119257
156125
147933
102878
49633
168418
111079
160232
127468
4591
127471
143855
66033
94705
49651
94707
156150
152054
188919
172538
53755
41468
168446
66046
102910
45570
131588
147972
156166
102919
135687
12808
102920
66057
41482
143882
156171
176656
119316
115221
143894
33303
82455
143896
168474
176667
21021
127521
160290
168484
164389
49705
176682
148011
61998
176687
172603
135744
25155
127555
131652
127558
45640
143946
74317
164431
66128
135762
33363
143956
160344
135768
160346
143966
156255
164453
156263
156266
131690
156267
82541
123502
25200
111217
143986
152179
98931
148089
164474
135802
160379
131707
78460
119422
53889
135809
160389
152200
94856
139913
17035
152207
127632
168593
86673
168595
164499
152211
115349
66201
8859
94876
94878
107167
115360
53921
139938
139944
172716
160430
103089
144051
123572
160437
139959
139960
156345
144057
119482
8891
53949
168642
58050
144068
70343
156360
123592
115401
82634
103115
152268
94925
33486
148175
144080
176849
45777
156372
156376
111321
4826
29402
45786
144090
49886
119520
144099
62181
123629
164591
176880
90872
144123
115453
103167
49924
164614
189191
115464
148232
62219
172812
164620
164621
140046
115472
140049
45843
148244
131861
144149
17175
70423
119575
140057
90907
119581
152350
156448
148257
164643
164644
119591
13097
131881
160556
172845
156463
99124
144183
127800
176953
37690
4924
135996
148289
119622
176968
172872
66376
160587
119636
176983
127836
140124
50016
115552
131944
168812
156525
152431
45935
103279
189296
140146
103283
144243
37749
70517
160630
45943
82807
131959
144247
160632
107384
131961
164731
95100
123772
164733
156545
119682
41860
172933
156549
4997
4998
111497
119689
140170
189324
148367
119699
136083
160660
156566
119704
107417
131998
103328
99234
933
5036
13228
172974
136110
172979
168883
136115
136119
172986
123836
82877
127935
50113
119745
123842
136130
13251
119747
91076
119753
140233
115658
132043
95181
144334
156623
148433
78803
119763
168918
127961
132057
136153
103386
127962
140250
164829
148445
152542
177119
177120
62433
148449
91106
164835
123875
132067
168932
9188
25572
140260
144357
181222
160744
156650
177134
111598
177137
82931
82933
111605
33788
144384
152577
128002
25604
115718
160776
148490
156684
132110
9231
132112
123921
111634
132114
160791
119834
91165
132130
152611
132132
33830
140327
115752
136232
169002
152618
164907
13357
160816
128049
164914
144435
148532
160824
164927
115775
132159
140351
136256
37956
123972
136263
136264
152649
152654
115790
5200
128081
13395
169044
128087
173144
87128
160859
37980
46178
160868
185445
160879
107634
140403
144499
95349
173175
156793
25723
132219
160897
173186
181380
5254
169098
177291
5259
148622
95377
140433
119954
136339
115861
124053
25750
160919
160920
25756
140444
38046
165023
107679
46240
169122
99493
132269
148660
124085
119992
156857
70841
124091
144571
148667
58556
25795
120007
169163
111819
156876
79052
25805
140493
124112
144592
148691
128219
5340
128220
156893
165086
165087
50399
148704
124129
152804
173285
17637
140520
140521
54507
152813
21744
173297
95479
111865
156923
132347
161023
9471
29951
132353
140545
103683
103690
173326
95503
54545
70930
144658
156951
46359
177434
111901
140575
9505
17698
87332
116006
173353
177452
156972
173363
132405
140597
75063
116024
132408
173369
116028
152893
144703
95552
152903
144711
169289
144713
99659
128333
75086
132431
107856
17749
58709
169303
21848
103771
152925
161119
161120
21857
177507
13667
58723
144739
148837
124263
185705
148841
148845
165235
152947
169333
1397
161146
136574
140672
148864
120195
148867
103812
124292
173445
165253
21894
136583
152970
161163
1419
161164
148876
152973
144783
124305
132497
148881
120211
136598
144790
13720
21914
152988
112028
128420
148900
140709
161193
165291
140715
157100
173486
34222
148911
120241
1458
153013
112054
161207
169400
124344
144825
120252
9663
83391
136639
71104
140738
140739
120260
62917
124357
124359
54729
136652
13773
144845
161233
148945
21970
157139
161236
144853
128470
144854
165335
161239
173529
173532
140766
1509
177638
21991
38377
177643
144875
169452
161261
103918
1519
169459
140789
124406
128502
161272
140792
161275
157179
116219
161276
153085
169477
161286
153094
30214
103945
144909
71183
157200
87568
112144
128529
79378
157205
173590
149015
124439
144919
50712
67096
161306
63008
149028
149032
112171
149036
112172
144941
116271
173616
120369
63026
140851
128565
165430
103991
120375
136761
144954
120381
136768
140870
13897
95818
132682
153163
165452
104012
124494
87631
144976
128593
128596
153173
58968
95833
173660
136797
128606
128607
128608
132704
181859
165475
99941
140901
116326
54887
79466
99948
177775
108143
58993
169586
153202
177779
95861
120437
128629
177782
5752
18040
132730
132733
124543
30338
153221
99973
108167
165512
13963
50827
173708
71310
128654
132750
169615
145042
149139
79508
116372
99989
132757
22167
140952
128665
165530
136858
149149
63133
177822
128673
177826
124579
181924
34468
112293
173734
95910
132774
140966
149160
136872
112298
120491
161454
5806
136881
157363
22197
173750
161465
161466
157370
108219
14012
136896
14017
136897
165572
42698
91852
153293
83661
161487
153295
63184
120529
54997
95957
141016
145113
173786
112346
46813
128734
1759
91872
141028
169707
153323
116465
149234
132852
124661
153342
108286
116478
18176
169729
173826
161538
149251
128771
22277
169734
169738
14090
128780
153359
18191
59152
177937
161553
128786
132887
75544
108312
91930
161563
149279
124706
169764
141093
120614
10024
173866
124717
157487
145199
173872
50992
59186
157492
165686
30518
137014
128824
79673
165691
161597
169793
108353
145222
165704
34632
30538
1867
59212
116558
186191
145233
14164
132948
169814
165718
153430
137046
169815
124759
18264
124761
79706
120667
96092
169823
108383
169825
165731
132963
96100
116581
165735
96103
104297
165739
173933
161645
104302
112494
153457
100211
112499
141171
153460
124788
141173
79734
132984
149369
124793
153468
55166
173951
120704
46978
141186
153477
87941
63366
104326
132999
141192
128908
38797
51085
30606
137103
112529
38803
161684
30613
128917
92054
157592
133016
104346
137115
14239
1955
165797
6053
133029
157606
165800
6056
67502
100270
174000
104371
14263
120760
161721
149433
6073
22457
38843
120763
169916
42947
128963
116676
153543
145353
141258
161743
165841
38866
55251
153560
124888
145368
116697
161754
157658
47068
124892
178142
96222
141278
161759
124897
137190
137191
157675
165869
104435
149493
157686
157691
116732
141310
6143
59392
157697
51204
137220
145414
165895
67591
165896
75784
92170
137231
170000
133136
141328
71700
43030
112663
96281
182301
178205
170013
141341
124959
178210
170018
153636
2084
116774
153641
18477
84013
165940
10292
34873
38969
120889
133177
149565
120897
133185
84034
153668
174153
120912
38994
6229
145494
129111
141399
2136
96344
157785
149594
26714
96348
161885
129118
39009
137315
125033
129129
137323
153712
108658
104563
186484
170100
100472
129147
161917
161918
153730
166019
141444
174223
161935
161937
14485
145561
104602
18587
92318
18591
149665
145569
174244
108708
63656
112810
112812
129198
51383
121015
129210
174268
51388
157886
137407
170178
22725
157898
88271
153810
108754
153812
153813
80086
121046
116951
112860
84189
153822
170207
133343
121056
145634
153833
149737
145644
162029
10481
170226
47347
116980
137461
80118
63735
14585
104697
116985
137466
121084
174333
63743
129279
170241
100609
174338
125188
96518
145673
10506
76042
125194
47373
43279
162066
145688
162074
170267
22812
108829
170271
47391
18723
59683
141606
14631
157994
149807
141621
63801
51515
84284
166205
166207
158015
162112
186692
67908
145733
158022
149831
153928
162121
162123
149835
141645
104786
104787
108883
133459
158038
92506
145755
112989
14686
141662
26975
31072
104801
10597
166248
35176
174443
137579
158060
170351
117105
145778
43379
121204
113013
162166
149878
121211
145793
170370
129418
35212
39308
133516
162190
158097
154002
2451
104851
133523
113044
174486
162198
149912
6552
113051
145821
67999
145824
55715
137636
186790
113063
117159
117163
137643
133549
55727
137648
22961
137649
174516
6581
149949
31165
145853
149950
186817
6593
145859
154053
113093
133574
108999
137672
22986
154059
141774
162256
35281
47570
72146
104918
68055
141783
104920
145881
109021
39392
154083
149990
117223
117224
154090
174571
154093
92653
43503
113138
121330
104948
145910
170487
23033
162301
150013
14846
162304
133632
158211
51716
18949
166409
117258
145932
129549
137746
150037
125463
125467
145953
125474
18980
100900
92709
10790
137768
174633
105002
109099
133675
137771
76332
150062
125486
59952
145970
6707
68147
141875
166452
150068
158266
100922
6718
145982
59968
14917
145991
158280
129608
145995
146000
166482
68179
117332
150101
88663
133720
141913
19036
162400
162402
133730
105060
154215
150121
2666
162412
166512
133749
150134
23158
125560
154235
10879
19072
31364
137860
105096
117384
92810
109195
6799
88720
158353
137873
141970
129683
109204
150167
146074
141980
146076
96925
170654
154270
121502
137886
19104
113313
117410
166564
133797
166566
162470
150185
137898
154285
68270
158384
146099
158389
174778
113338
146106
150203
137915
121532
47807
121535
2752
129729
60098
170692
158405
27333
76488
166601
68298
137931
174802
154322
125651
166612
142036
68309
56022
125659
137949
6882
101091
105187
142052
142054
113385
97003
64239
35571
109301
133877
137975
121593
142073
162554
117499
174844
56066
121604
125703
19208
80648
162570
23306
105226
56075
146188
150285
56082
88855
146202
129820
15133
117536
117537
129828
191269
158503
117544
142120
158507
121643
166704
2865
146228
109368
121660
121663
174915
162627
97091
174916
133956
11079
138056
138058
154447
146255
60243
129875
154452
138068
150357
146262
7000
117593
27483
170846
150368
93027
129891
146275
162660
76645
129893
166759
47979
117612
121709
133998
97136
121712
113521
150388
68469
84853
146295
101244
146301
146312
150409
72588
166800
76688
117649
138129
142232
142233
175003
101276
146335
158628
23462
129959
158632
64424
105385
76714
166828
162732
105389
138157
170926
105390
146351
146358
129975
15290
105407
125889
134081
48067
56259
142277
150471
117705
138185
56266
146378
154571
117711
166868
175061
162773
150485
150487
3032
11224
31707
11229
76766
97246
150496
31713
154594
44002
146402
175075
150500
117732
158693
113639
15336
134122
31723
105452
80878
35823
125935
23540
146420
125941
97270
175096
15352
142328
175099
138237
84990
171007
138239
89088
125952
158721
142337
150531
150533
154630
60425
175114
72715
130059
134158
175119
162832
80912
138256
158738
154643
138262
162839
23579
158748
60444
117791
146464
19489
121889
68644
60454
162857
150569
117801
130089
121900
130092
158766
166959
154671
130096
97330
126006
15419
117819
158780
40003
171082
138315
158797
134221
171086
158799
162896
142416
142417
130131
142419
150612
146517
113750
167000
171098
175195
162908
146524
142430
142433
171106
146533
3175
146536
167017
11370
56429
138356
121973
121974
97399
162936
167033
162937
44157
113791
126083
167046
11398
64647
126090
40077
130189
134287
7317
154774
167064
72861
126110
175263
109727
167073
113825
142497
64674
138402
105636
167078
3239
142506
27819
167086
191663
150704
150706
117938
134322
142514
134324
76981
146617
11455
158912
48321
134337
163010
15555
130243
154820
138436
31941
150727
126152
191689
175305
175307
134347
15564
163022
150734
171216
138448
126161
146641
126163
97492
101589
113878
167128
154840
167129
146650
126171
134366
138465
154850
175333
154853
117991
142567
154856
117997
150766
122095
31988
40180
44276
142580
56566
154871
146679
31994
171259
158976
142592
142595
138500
142598
146694
56584
146714
36123
154908
138524
93470
105758
122143
11553
175394
142626
101668
150821
27941
19750
68904
146728
113961
101674
93487
171312
146738
85299
138549
118071
122173
167230
154942
36158
159039
191808
27969
163140
142663
122186
105805
159055
73039
122191
23889
138581
171350
163162
40284
159072
64865
126305
163171
167271
171370
167275
159083
142700
138605
93553
56690
134514
142708
36213
142711
171387
126331
48510
52612
175499
150923
146831
167312
97680
109968
146832
146833
69015
130457
183710
60830
163233
3490
167332
171429
138662
105896
175529
155049
142761
122282
142762
122283
105902
110001
167346
15794
150963
171444
40372
167350
159163
110012
138685
118206
40383
142783
101824
150983
167371
155083
159184
97744
138704
150995
105939
32212
142805
130518
110042
130522
155101
155102
24031
155108
151014
32232
175594
159212
151020
130541
155120
118259
146931
105972
81398
114167
191992
155130
85500
146944
97803
110091
167437
122381
167438
93711
97807
36368
146961
19986
118290
155155
142874
167451
20001
118307
40487
151082
118319
106038
122423
52795
93755
175676
32316
122428
122430
151103
147009
142914
60999
122439
65098
65099
24143
32338
3669
61021
101982
101983
122464
52834
101986
110178
142949
114278
93799
151148
97900
147055
171633
155250
15986
151158
114296
175738
163451
118395
61052
134787
147075
32393
147084
11919
163473
118417
28308
20118
52886
48791
151192
32408
65177
155290
61082
143002
134812
151200
167587
155299
147113
171690
167599
122543
134835
28340
143028
147125
126652
151229
73408
151234
143042
151238
114374
138950
143047
147143
163528
57034
110282
147148
114382
118479
138960
32465
143057
122579
32470
171736
134872
20185
98010
114394
138970
65245
106206
151263
106207
118495
175840
147170
134883
143077
179947
106219
155375
110319
159472
138992
106225
143089
147190
126711
171768
106232
130810
151292
40702
134911
7940
139012
114439
151305
126729
102159
175889
3858
69395
130836
147221
151318
175897
151322
16155
171807
147232
122657
53027
143141
143143
159530
44842
134955
143147
122668
106286
122670
16175
147250
77621
134965
167738
163644
151359
89924
143172
114501
122693
147270
167753
102217
65355
159568
57168
171857
171866
122714
139102
155488
175969
135013
130919
163688
98156
147314
167795
130932
61301
110453
155513
126844
175997
175998
171903
143231
40833
110469
126854
176007
49031
171912
3977
44938
143242
40845
171918
188303
155535
155536
102289
151443
57236
163733
143253
28566
81815
94105
147355
163746
114594
135074
163747
130983
176041
114607
151474
65458
122803
65460
155578
176059
4028
171965
151485
126918
131015
151497
110541
167887
135121
147415
94168
118747
171997
8157
12255
151520
131041
159714
176099
155619
49125
110570
172012
155633
180210
147442
131062
163831
159737
8186
126971
16382
147454
24575
102399
)


// ************************************************************************* //
