/*--------------------------------*- C++ -*----------------------------------*\
| =========                 |                                                 |
| \\      /  F ield         | OpenFOAM: The Open Source CFD Toolbox           |
|  \\    /   O peration     | Version:  2406                                  |
|   \\  /    A nd           | Website:  www.openfoam.com                      |
|    \\/     M anipulation  |                                                 |
\*---------------------------------------------------------------------------*/
FoamFile
{
    version     2.0;
    format      ascii;
    arch        "LSB;label=32;scalar=64";
    class       cellSet;
    location    "constant/polyMesh/sets";
    object      underdeterminedCells;
}
// * * * * * * * * * * * * * * * * * * * * * * * * * * * * * * * * * * * * * //


3049
(
143361
135169
3
65539
176133
28677
106502
32776
147465
147467
90124
155662
12302
40977
188436
151572
147477
176150
172054
69654
110614
159767
151576
135194
69661
163871
155679
122913
163878
135207
159785
155691
176172
4141
122929
139315
155700
176181
143413
106549
143414
54
16438
81975
147512
86073
167994
163903
122944
49220
159813
151621
106565
94280
4169
53326
163921
139345
143442
176213
45141
176215
131159
163928
69721
135258
172123
139356
65628
57438
176223
32868
65637
155751
143463
155753
159851
151663
98416
41075
176249
32889
57467
135299
143493
168073
37002
155787
176268
118925
143504
147602
37010
118930
131218
69779
168085
155798
16534
37018
151707
139420
135325
143520
135328
53408
90272
131233
159906
20642
127138
12452
168102
143527
69802
123052
135341
106672
139445
106679
94393
176314
102586
118971
139452
114877
159934
159936
159943
176329
155851
176332
49357
20687
57553
37074
143571
211
41173
168151
106712
155865
139481
102617
4315
155868
110814
147680
24800
131298
57577
155885
135405
164080
24816
159992
131322
135421
155903
57599
176386
168194
143618
127235
41221
119051
37132
33037
78093
155919
12559
20751
127247
184594
123154
147732
131348
155925
184598
131350
110871
65816
82200
61723
57629
110878
41247
110880
147745
143651
139555
135460
131364
49446
168232
94505
168238
143663
119088
69939
160053
131381
20790
123192
82233
65850
180540
176447
86335
139584
160065
172354
61762
139588
147782
57674
168267
61773
115026
131412
151895
135511
172376
139608
176474
69980
106845
164191
135520
135522
164195
106852
49509
61799
135528
192873
90473
123242
168299
78192
139633
74102
74104
102776
139644
20860
139645
151935
151939
192900
147845
98693
139654
139655
147849
143753
135561
131465
94602
20875
131468
127374
164240
33169
49554
127379
131476
164247
94616
16795
24987
164252
168349
160159
168353
53668
12711
119207
192936
123305
164268
156076
135596
143789
135597
25005
127405
74158
29103
123313
168370
147891
78261
143800
127416
82364
172477
90560
16833
82369
176581
119237
180678
164294
147913
139721
94666
127435
57804
160206
152014
78286
135631
119249
123345
160210
123347
168404
111060
25046
135639
78297
119257
156125
147933
102878
49633
168418
41446
111079
160232
172524
127468
143855
4591
127471
66033
94705
49651
94707
156150
152054
188919
143865
172538
53755
41468
168446
66046
102910
45570
172547
147972
131588
135685
156166
135687
102919
12808
102920
66057
143882
41482
156171
176656
119316
115221
143894
33303
82455
143896
168474
176667
21021
74270
127521
160290
168484
164389
156201
49705
176682
148011
16940
61998
176687
172603
135744
25155
41539
127555
131652
62022
127558
45640
143946
74317
90702
164431
66128
135762
33363
143956
160344
135768
160346
143966
156255
8799
25186
164453
156263
156266
131690
156267
12907
53867
82541
123502
25200
111217
143986
25202
152179
98931
148089
164474
135802
160379
131707
53884
78460
119422
135809
53889
160389
152200
94856
139913
176779
17035
152207
127632
168593
86673
168595
164499
152211
115349
184983
86680
66201
8859
94876
58013
94878
107167
115360
53921
139938
123556
139944
172716
160430
144047
103089
144051
107187
123572
160437
139959
139960
156345
144057
119482
8891
53949
41662
139968
17089
168642
58050
144068
156358
70343
156360
123592
115401
82634
103115
152268
94925
33486
148175
144080
176849
45777
156372
156376
33496
111321
144090
4826
29402
45786
21212
139998
49886
119520
164577
164579
144099
45797
62181
45799
107239
123629
123630
164591
21231
176880
86771
90872
74490
144123
66300
115453
103167
107263
62208
49924
164614
74502
189191
148232
115464
62219
172812
164620
164621
189198
140046
135950
189200
115472
140049
45843
148244
144149
131861
17175
70423
119575
140057
181018
90907
119581
152350
156448
148257
164643
189220
164644
140069
90917
119591
13097
131881
160556
172845
140077
164655
156463
58161
99124
144183
185144
127800
176953
37690
135996
4924
148289
86851
119622
136007
176968
172872
66376
74568
160587
9035
107340
127822
107345
78675
119636
176983
140124
127836
50016
115552
90980
131944
168812
156525
152431
45935
103279
189296
140146
144243
103283
37749
70517
160630
144247
45943
82807
131959
160632
50040
107384
131961
164731
95100
123772
164733
29566
62336
156545
119682
41860
172933
156549
4997
4998
111497
119689
123785
140170
189324
148367
152464
136083
119699
160660
156566
119704
107417
131998
103328
78754
99234
933
5036
13228
172974
136110
160690
172979
168883
136115
136119
172986
123836
82877
127935
9153
50113
119745
136130
123842
13251
119747
91076
140233
119753
115658
99275
132043
95181
144334
156623
74703
148433
78803
119763
168918
82904
136153
127961
132057
140250
103386
127962
164829
148445
152542
177119
177120
123872
148449
62433
91106
164835
123875
132067
168932
140260
9188
25572
144357
181222
127975
160744
173033
156650
177134
111598
1008
177137
82931
82933
111605
160760
33788
144384
152577
128002
119811
25604
115718
160776
148490
156684
50188
132110
9231
132112
123921
111634
132114
115732
160791
160793
119834
91165
132130
152611
132132
33830
140327
136232
115752
169002
152618
164907
13357
132141
160816
128049
164914
144435
156724
148532
160824
164927
140351
115775
132159
136256
5185
37956
123972
99398
136263
136264
152649
152654
115790
78927
5200
128081
13395
111699
169044
152661
128087
173144
87128
103513
160859
37980
46178
1123
160868
87140
185445
21606
74854
29806
160879
58480
132208
107634
144499
140403
95349
173175
156793
25723
95355
132219
46205
160897
173186
181380
136324
25733
5254
169098
5258
177291
5259
148622
140433
95377
119954
136339
115861
124053
25750
160919
160920
140444
25756
38046
165023
107679
46240
169122
99493
136363
58539
132269
29872
124080
148660
83125
124085
119992
156857
70841
148667
144571
124091
58556
13503
25795
74948
120007
169163
111819
185548
156876
79052
140493
25805
144592
124112
148691
128219
5340
128220
156893
165086
165087
50399
148704
124129
152804
1252
173285
17637
128229
140520
140521
54507
152813
66797
21744
173297
70901
95479
111865
156923
132347
161023
9471
29951
128255
21760
140545
132353
161026
140546
103683
124164
103690
111885
173326
95503
54545
144658
70930
79123
156951
46359
29976
75032
177434
50459
111901
140575
9505
17698
50466
87332
87333
116006
79144
173353
177452
156972
173363
140597
132405
75063
116024
132408
173369
116028
152893
144703
95552
152903
144711
1351
132424
169289
144713
99659
34125
128333
75086
132431
107856
17749
58709
169303
21848
34138
103771
152925
103773
161119
30047
181600
161120
21857
66914
120162
177507
144739
13667
58723
148837
124263
185705
148841
148845
120173
9584
165235
152947
169333
1397
161146
136571
136574
148864
140672
181635
148867
120195
99716
103812
124292
173445
165253
21894
136583
71049
152970
161163
1419
161164
148876
152973
144783
148881
124305
132497
152979
120211
9620
132501
144790
136598
13720
107928
21914
152988
112028
21921
148900
128420
140709
161193
165291
140715
157100
173486
34222
148911
91568
66993
120241
1458
132532
153013
140726
112054
169399
161207
169400
124344
144825
120252
136639
9663
83391
71104
112065
140738
140739
189892
177604
120260
62917
124357
124359
132551
54729
50635
136652
144845
13773
91597
26064
161233
148945
21970
34258
157139
161236
144853
144854
128470
165335
161239
173529
58841
91609
173532
140766
120287
153060
1509
177638
17895
21991
26088
38377
189930
177643
144875
169452
161261
103918
1519
91632
169459
1524
140789
124406
128502
161272
140792
161275
157179
116219
161276
153085
83453
169473
181762
169477
161286
153094
30214
103945
144909
71183
157200
87568
112144
128529
79378
157205
173590
157206
149015
144919
124439
50712
67096
161306
46618
13854
63008
149028
173606
149032
112171
149036
112172
144941
99886
26159
116271
173616
120369
63026
132658
140851
128565
165430
103991
120375
157240
136761
144954
120381
120382
136768
140868
140870
13897
95818
132682
153163
165452
104012
124494
50767
87631
144976
128593
128596
153173
58968
95833
173660
136797
128606
128607
128608
132704
71265
181859
165475
140901
99941
116326
54887
79466
99948
177775
108143
54897
58993
169586
153202
177779
95861
120437
128629
177782
5752
18040
132730
132733
124543
30338
157317
153221
99973
108167
165512
132746
13963
50827
173708
71310
128654
132750
169615
145042
149139
108179
79508
116372
157333
99989
132757
22167
140952
128665
165530
136858
181917
149149
63133
177822
157344
100001
128673
177826
1699
124579
181924
34468
112293
173734
140966
95910
132774
149160
136872
112298
120491
161454
5806
136881
157363
22197
173750
161465
161466
157370
30395
108219
14012
136896
136897
14017
165572
42698
91852
153293
83661
161487
153295
63184
120529
54997
95957
141016
145113
173786
112346
46813
128734
1759
153312
91872
157409
63202
116451
141028
42725
9960
169707
153323
55021
116465
149234
132852
124661
153342
108286
116478
128767
18176
169729
173826
161538
149251
128771
22277
169734
169738
14090
128780
153359
18191
59152
177937
161553
128786
112406
132887
75544
108312
91930
161563
136987
42779
149279
100129
124706
169764
141093
120614
10024
173866
124717
157487
145199
173872
50992
59186
157492
42805
165686
137014
30518
128824
79673
165691
161597
169793
108353
30533
145222
165704
34632
30538
1867
190284
59212
173901
116558
186191
145233
71506
14164
132948
169814
165718
153430
137046
112470
169815
124759
18264
190297
124761
79706
120667
96092
104286
169823
108383
169825
165731
132963
96100
116581
165735
22375
96103
104297
165739
173933
161645
104302
112494
153457
141171
100211
112499
153460
124788
141173
79734
112503
132984
149369
124793
153468
55166
173951
120704
141186
46978
75652
153477
87941
63366
104326
132998
132999
141192
133000
128908
38797
51085
30606
137103
30608
141201
112529
38803
92051
161684
18324
63380
30613
128917
92054
157592
133016
104346
137115
145310
14239
1955
165797
6053
133029
157606
165800
6056
6062
67502
100270
174000
157618
104371
14263
120760
161721
149433
6073
22457
182202
38843
120763
169916
51133
178115
42947
128963
116676
153543
145353
141258
26570
79821
88013
161743
165841
38866
55251
157652
153560
145368
116696
124888
116697
161754
157658
178139
47068
124892
178142
141278
96222
161759
124897
186339
137190
137191
157675
165869
165875
104435
149493
157686
157691
116732
141310
6143
59392
157697
137220
51204
178181
145414
165895
10247
67591
165896
75784
190473
92170
161805
137231
170000
141328
133136
30738
88082
71700
43030
124950
112663
96281
182301
178205
170013
141341
124959
178210
170018
153636
2084
96294
116774
153641
170026
34859
18477
84013
165940
10292
145463
34873
38969
120889
133177
141372
63548
149565
22592
120897
133185
84034
153668
174153
153677
145486
186448
161872
120912
174161
165969
165970
18514
38994
6229
145494
161879
141399
129111
2136
96344
157785
149594
26714
96348
161885
129118
67679
120927
39009
137315
116840
84073
125033
129129
137323
153712
166002
108658
104563
186484
170100
145524
55412
100472
129147
104572
161917
161918
153730
166019
141444
39045
14475
10380
174223
161935
47247
161937
63636
14485
145561
104602
18587
92318
18591
149665
145569
18594
174244
108708
63656
112810
153772
112812
129198
108721
59570
125107
51383
121015
178360
88249
129210
174268
51388
157886
137407
170178
22725
157898
88271
153809
153810
108754
149715
153812
153813
80086
121046
178391
116951
112860
84189
153822
170207
133343
121056
18657
145634
100578
149734
153833
149737
145644
162029
18669
92399
14576
10481
170226
47347
116980
137461
80118
63735
14585
104697
116985
137466
121084
174333
63743
129279
170241
100609
174338
125188
96518
26888
145673
10506
76042
125194
47373
43279
162066
145688
133401
162074
170267
22812
108829
55582
170271
47391
18723
59683
141606
14631
121127
157994
190767
149807
92466
141621
133431
43320
63801
51515
84284
166205
170302
166207
158015
162112
186692
67908
145733
158022
149831
153928
166217
162121
162123
149835
141645
104786
104787
108883
133459
158038
92506
145755
96603
112989
141662
14686
26975
31072
104801
149858
10597
166248
35176
125288
174443
137579
158060
170351
133488
117105
145778
190835
43379
121204
113013
162166
149878
96630
104822
76154
121211
149884
43388
145793
170370
153986
129418
35212
39308
133516
162190
158097
182674
154002
2451
104851
133523
113044
55701
174486
162198
149912
6552
113051
149916
6556
145821
67999
145824
55715
137636
186790
84391
113063
117159
178600
137643
117163
149932
133549
154031
55727
137648
137649
22961
174516
6581
100790
84409
100796
149949
145853
31165
162238
149950
186817
6593
145859
154053
113093
133574
47559
108999
137672
22986
154059
129484
178637
141774
100815
162256
35281
47570
72146
186835
72149
80341
104918
141783
68055
104920
145881
129500
10717
109021
39392
80352
166369
154083
149990
31207
117223
174568
117224
154090
174571
154093
92653
43503
190962
113138
121330
104948
145910
170487
23033
162301
158205
150013
14846
125438
162304
133632
158211
23044
31236
51716
125444
145925
18949
166409
117258
100875
145932
129549
100880
137746
137747
150037
125463
125467
47648
145953
125474
18980
100900
92709
10790
137768
174633
105002
137771
133675
109099
76332
150062
125486
59952
145970
141875
6707
68147
166452
150068
162357
158266
100922
51773
145982
6718
59968
14917
145991
158280
129608
117321
145995
146000
166482
68179
117332
150101
88663
133720
141913
19036
162399
162400
162402
133730
105060
117348
154215
150121
2666
162412
19055
166512
133749
150134
23158
125560
154235
10879
19072
137860
31364
55941
105096
117384
129672
92810
109195
27277
6799
88720
158353
137873
141970
129683
109204
150167
146074
64155
146076
141980
76444
96925
170654
154270
137886
121502
19104
113313
117410
166564
133797
60069
166566
162470
150185
137898
154285
68270
72367
158384
84658
191155
146099
158389
105143
10937
174778
146106
113338
150203
137915
121532
47807
121535
2752
129729
60098
154307
150211
170692
158405
27333
76488
166601
154314
68298
137931
174802
154322
125651
166612
142036
68309
56022
125659
137949
125665
6882
101091
105187
142052
154341
43749
142054
113385
129770
97003
125675
64239
15089
35571
170741
133877
109301
137975
39671
187128
142073
121593
162554
64250
117499
174844
56066
121604
125703
19208
47880
80648
162570
23306
97034
105226
15115
56075
146188
150285
92944
56082
88855
146202
129820
15133
117536
117537
23332
129828
191269
178981
2853
158503
142120
117544
158507
121643
166704
2865
183091
146228
109368
129849
174908
121660
35645
121663
125760
174915
162627
97091
174916
133956
11079
138056
138058
56142
154447
146255
60243
129875
154452
138068
150357
146262
101206
7000
117593
27483
170846
150368
146275
93027
129891
162660
39780
43876
76645
129893
166759
133992
15209
47979
93036
117612
142189
121709
133998
68463
97136
121712
113521
84850
150388
68469
84853
146295
35704
101244
146301
146312
52104
150409
43913
72588
166800
76688
138129
117649
179091
142232
142233
105370
175003
72603
31644
101276
146335
39839
43935
60323
158628
23462
129959
158632
64424
105385
76714
166828
162732
138157
105389
117677
170926
105390
146351
11184
187313
146358
23479
27575
129975
15290
105407
134081
125889
48067
56259
142277
150471
138185
64457
117705
146378
56266
154571
183244
117711
166868
175061
162773
150485
150487
3032
11224
76760
39897
31707
7133
11229
76766
97246
150496
3041
31713
154594
146402
44002
175075
35811
121827
150500
117732
158693
113639
15336
138218
134122
31723
105452
154605
183278
80878
154607
35823
125935
146420
23540
125941
97270
175096
142328
15352
48122
175099
158715
138237
101373
44030
84990
171007
138239
171008
89088
125952
158721
142337
150531
150533
39941
154630
60425
175114
72715
130059
80909
134158
175119
162832
138256
80912
158738
154643
138262
162839
85017
23579
158748
60444
117791
166944
146464
19489
121889
68644
150565
60454
56359
162857
150569
117801
130089
121900
130092
158766
166959
154671
130096
97330
138292
126004
126006
15419
117819
158780
105538
40003
171082
138315
158797
134221
171086
158799
162896
142416
142417
142419
130131
150612
7252
146517
113750
167000
171098
175195
162908
146524
142430
142433
171106
146533
3175
146536
15464
167017
11370
56429
138356
121973
121974
97399
162936
167033
162937
113787
44157
113791
81026
126083
167046
11398
64647
126090
40077
130189
134287
113811
171157
7317
154774
167064
11416
134299
72861
126110
175263
109727
31904
167073
142497
113825
183458
138402
64674
105636
167078
3239
175272
162984
142506
27819
36011
167086
191663
150704
150706
142514
134322
117938
134324
76981
146617
183484
134333
11455
158912
134337
48321
163010
175299
15555
130243
154820
138436
31941
150727
126152
191689
175305
175307
134347
15564
163022
150734
48335
171216
138448
146641
126161
126163
97492
101589
113878
167128
154840
122072
167129
146650
126171
134366
60638
138465
154850
175333
154853
142567
105703
117991
154856
117997
150766
122095
142580
31988
40180
44276
23798
56566
183543
154871
146679
31994
171259
158976
142592
142595
138500
146694
142598
163079
56584
146711
146714
36123
154908
138524
85276
93470
105758
122143
11553
175394
142626
101668
150821
27941
19750
146728
68904
113961
101674
93487
171312
146738
85299
187700
138549
3381
118071
122173
167230
154942
36158
159039
191808
171329
27969
52545
163140
175431
142663
150858
122186
68940
105805
159055
73039
122191
23889
138581
171350
163162
40284
159072
64865
126305
163171
167271
179562
171370
167275
159083
142700
138605
93553
134514
56690
142708
36213
142711
93560
171387
126331
48510
52612
175499
150923
11660
146831
167312
146832
36240
97680
109968
146833
179606
69015
134553
130457
183710
60830
163233
3490
167332
171429
138662
163239
105896
175529
155049
142761
142762
122282
130474
122283
105902
110001
167346
15794
150963
171444
40372
167350
163254
159163
110012
179645
138685
114110
118206
142783
40383
101824
138691
105924
150983
167371
155083
3534
159184
138704
97744
48593
150995
105939
32212
142805
130518
110042
130522
163291
3547
130523
155101
155102
24031
155108
151014
24038
32232
175594
159212
151020
60908
130541
28143
155120
146931
118259
105972
167414
81398
114167
191992
19960
130553
155130
81402
85500
146944
56836
60933
97803
110091
167437
122381
167438
93711
97807
36368
146961
19985
19986
118290
155155
24083
69143
142874
167451
175644
40477
85536
20001
40483
118307
73253
97829
40487
151082
118319
28209
134708
106038
122423
7738
52795
93755
175676
32316
122428
122430
151103
147009
142914
7747
36419
60999
69191
122439
61001
65098
97866
65099
24143
101967
32338
7764
3669
61021
101982
101983
122464
52834
101986
110178
142949
114278
93799
151148
97900
147055
171633
155250
15986
61042
151158
114296
175738
163451
65147
118395
61052
183935
134785
126594
147075
134787
102021
32393
147084
11919
163473
118417
7826
28308
85652
20118
52886
48791
151192
7832
32408
65177
155290
143002
61082
134812
7839
151200
167587
155299
48804
122536
147113
171690
159406
48814
167599
122543
134835
183988
143028
28340
122548
147125
122555
126652
151229
73408
151234
143042
151238
138950
114374
147143
143047
163528
57034
110282
147148
122572
114382
118479
138960
143057
32465
122579
32470
138967
171736
134872
20185
138970
98010
114394
65245
147166
106206
151263
106207
118495
175840
106209
147170
77538
134883
143077
40682
179947
106219
155375
110319
159472
138992
147185
143089
106225
147190
126711
171768
106232
130810
151292
40702
134911
139012
7940
114439
155401
151305
126729
102159
175889
3858
69395
130836
147221
151318
12054
175897
151322
16155
98077
28446
184095
171807
147232
122657
53027
143141
151334
143143
24359
24360
159529
159530
44842
48938
143147
134955
122668
106286
122670
16175
147250
134965
77621
167738
65338
163644
73534
163647
151359
143172
89924
114501
122693
147270
12103
85831
167753
102217
65355
159568
57168
171857
184147
171866
122714
139102
155488
175969
106337
118626
135013
130919
163688
73577
44908
98156
171885
147314
167795
130932
61301
110453
155513
126844
175997
175998
171903
143231
36737
40833
65411
89988
110469
126854
176007
49031
171912
3977
180106
143242
44938
57226
163723
40845
171918
188303
155535
155536
102289
151443
57236
163733
143253
28566
81815
94105
147355
163746
135074
114594
163747
32679
130983
176041
114607
151474
65458
90034
122803
65460
12213
155578
176059
4028
171965
151485
126918
131015
151497
110541
167887
135121
147415
94168
69595
118747
45020
171997
8157
4062
12255
151520
131041
159714
176099
155619
49125
81893
49126
98278
110570
172012
122860
155633
180210
147442
81907
131061
131062
163831
159737
143354
8186
126971
180222
147454
16382
90110
24575
102399
)


// ************************************************************************* //
