/*--------------------------------*- C++ -*----------------------------------*\
| =========                 |                                                 |
| \\      /  F ield         | foam-extend: Open Source CFD                    |
|  \\    /   O peration     | Version:     4.1                                |
|   \\  /    A nd           | Web:         http://www.foam-extend.org         |
|    \\/     M anipulation  |                                                 |
\*---------------------------------------------------------------------------*/
FoamFile
{
    version     2.0;
    format      ascii;
    class       faBoundaryMesh;
    location    "4e-05/faMesh";
    object      faBoundary;
}
// * * * * * * * * * * * * * * * * * * * * * * * * * * * * * * * * * * * * * //

1
(
    undefined
    {
        type            patch;
        edgeLabels      List<label> 
7550
(
1896795
1896796
1896797
1896798
1896799
1896800
1896801
1896802
1896803
1896804
1896805
1896806
1896807
1896808
1896809
1896810
1896811
1896812
1896813
1896814
1896815
1896816
1896817
1896818
1896819
1896820
1896821
1896822
1896823
1896824
1896825
1896826
1896827
1896828
1896829
1896830
1896831
1896832
1896833
1896834
1896835
1896836
1896837
1896838
1896839
1896840
1896841
1896842
1896843
1896844
1896845
1896846
1896847
1896848
1896849
1896850
1896851
1896852
1896853
1896854
1896855
1896856
1896857
1896858
1896859
1896860
1896861
1896862
1896863
1896864
1896865
1896866
1896867
1896868
1896869
1896870
1896871
1896872
1896873
1896874
1896875
1896876
1896877
1896878
1896879
1896880
1896881
1896882
1896883
1896884
1896885
1896886
1896887
1896888
1896889
1896890
1896891
1896892
1896893
1896894
1896895
1896896
1896897
1896898
1896899
1896900
1896901
1896902
1896903
1896904
1896905
1896906
1896907
1896908
1896909
1896910
1896911
1896912
1896913
1896914
1896915
1896916
1896917
1896918
1896919
1896920
1896921
1896922
1896923
1896924
1896925
1896926
1896927
1896928
1896929
1896930
1896931
1896932
1896933
1896934
1896935
1896936
1896937
1896938
1896939
1896940
1896941
1896942
1896943
1896944
1896945
1896946
1896947
1896948
1896949
1896950
1896951
1896952
1896953
1896954
1896955
1896956
1896957
1896958
1896959
1896960
1896961
1896962
1896963
1896964
1896965
1896966
1896967
1896968
1896969
1896970
1896971
1896972
1896973
1896974
1896975
1896976
1896977
1896978
1896979
1896980
1896981
1896982
1896983
1896984
1896985
1896986
1896987
1896988
1896989
1896990
1896991
1896992
1896993
1896994
1896995
1896996
1896997
1896998
1896999
1897000
1897001
1897002
1897003
1897004
1897005
1897006
1897007
1897008
1897009
1897010
1897011
1897012
1897013
1897014
1897015
1897016
1897017
1897018
1897019
1897020
1897021
1897022
1897023
1897024
1897025
1897026
1897027
1897028
1897029
1897030
1897031
1897032
1897033
1897034
1897035
1897036
1897037
1897038
1897039
1897040
1897041
1897042
1897043
1897044
1897045
1897046
1897047
1897048
1897049
1897050
1897051
1897052
1897053
1897054
1897055
1897056
1897057
1897058
1897059
1897060
1897061
1897062
1897063
1897064
1897065
1897066
1897067
1897068
1897069
1897070
1897071
1897072
1897073
1897074
1897075
1897076
1897077
1897078
1897079
1897080
1897081
1897082
1897083
1897084
1897085
1897086
1897087
1897088
1897089
1897090
1897091
1897092
1897093
1897094
1897095
1897096
1897097
1897098
1897099
1897100
1897101
1897102
1897103
1897104
1897105
1897106
1897107
1897108
1897109
1897110
1897111
1897112
1897113
1897114
1897115
1897116
1897117
1897118
1897119
1897120
1897121
1897122
1897123
1897124
1897125
1897126
1897127
1897128
1897129
1897130
1897131
1897132
1897133
1897134
1897135
1897136
1897137
1897138
1897139
1897140
1897141
1897142
1897143
1897144
1897145
1897146
1897147
1897148
1897149
1897150
1897151
1897152
1897153
1897154
1897155
1897156
1897157
1897158
1897159
1897160
1897161
1897162
1897163
1897164
1897165
1897166
1897167
1897168
1897169
1897170
1897171
1897172
1897173
1897174
1897175
1897176
1897177
1897178
1897179
1897180
1897181
1897182
1897183
1897184
1897185
1897186
1897187
1897188
1897189
1897190
1897191
1897192
1897193
1897194
1897195
1897196
1897197
1897198
1897199
1897200
1897201
1897202
1897203
1897204
1897205
1897206
1897207
1897208
1897209
1897210
1897211
1897212
1897213
1897214
1897215
1897216
1897217
1897218
1897219
1897220
1897221
1897222
1897223
1897224
1897225
1897226
1897227
1897228
1897229
1897230
1897231
1897232
1897233
1897234
1897235
1897236
1897237
1897238
1897239
1897240
1897241
1897242
1897243
1897244
1897245
1897246
1897247
1897248
1897249
1897250
1897251
1897252
1897253
1897254
1897255
1897256
1897257
1897258
1897259
1897260
1897261
1897262
1897263
1897264
1897265
1897266
1897267
1897268
1897269
1897270
1897271
1897272
1897273
1897274
1897275
1897276
1897277
1897278
1897279
1897280
1897281
1897282
1897283
1897284
1897285
1897286
1897287
1897288
1897289
1897290
1897291
1897292
1897293
1897294
1897295
1897296
1897297
1897298
1897299
1897300
1897301
1897302
1897303
1897304
1897305
1897306
1897307
1897308
1897309
1897310
1897311
1897312
1897313
1897314
1897315
1897316
1897317
1897318
1897319
1897320
1897321
1897322
1897323
1897324
1897325
1897326
1897327
1897328
1897329
1897330
1897331
1897332
1897333
1897334
1897335
1897336
1897337
1897338
1897339
1897340
1897341
1897342
1897343
1897344
1897345
1897346
1897347
1897348
1897349
1897350
1897351
1897352
1897353
1897354
1897355
1897356
1897357
1897358
1897359
1897360
1897361
1897362
1897363
1897364
1897365
1897366
1897367
1897368
1897369
1897370
1897371
1897372
1897373
1897374
1897375
1897376
1897377
1897378
1897379
1897380
1897381
1897382
1897383
1897384
1897385
1897386
1897387
1897388
1897389
1897390
1897391
1897392
1897393
1897394
1897395
1897396
1897397
1897398
1897399
1897400
1897401
1897402
1897403
1897404
1897405
1897406
1897407
1897408
1897409
1897410
1897411
1897412
1897413
1897414
1897415
1897416
1897417
1897418
1897419
1897420
1897421
1897422
1897423
1897424
1897425
1897426
1897427
1897428
1897429
1897430
1897431
1897432
1897433
1897434
1897435
1897436
1897437
1897438
1897439
1897440
1897441
1897442
1897443
1897444
1897445
1897446
1897447
1897448
1897449
1897450
1897451
1897452
1897453
1897454
1897455
1897456
1897457
1897458
1897459
1897460
1897461
1897462
1897463
1897464
1897465
1897466
1897467
1897468
1897469
1897470
1897471
1897472
1897473
1897474
1897475
1897476
1897477
1897478
1897479
1897480
1897481
1897482
1897483
1897484
1897485
1897486
1897487
1897488
1897489
1897490
1897491
1897492
1897493
1897494
1897495
1897496
1897497
1897498
1897499
1897500
1897501
1897502
1897503
1897504
1897505
1897506
1897507
1897508
1897509
1897510
1897511
1897512
1897513
1897514
1897515
1897516
1897517
1897518
1897519
1897520
1897521
1897522
1897523
1897524
1897525
1897526
1897527
1897528
1897529
1897530
1897531
1897532
1897533
1897534
1897535
1897536
1897537
1897538
1897539
1897540
1897541
1897542
1897543
1897544
1897545
1897546
1897547
1897548
1897549
1897550
1897551
1897552
1897553
1897554
1897555
1897556
1897557
1897558
1897559
1897560
1897561
1897562
1897563
1897564
1897565
1897566
1897567
1897568
1897569
1897570
1897571
1897572
1897573
1897574
1897575
1897576
1897577
1897578
1897579
1897580
1897581
1897582
1897583
1897584
1897585
1897586
1897587
1897588
1897589
1897590
1897591
1897592
1897593
1897594
1897595
1897596
1897597
1897598
1897599
1897600
1897601
1897602
1897603
1897604
1897605
1897606
1897607
1897608
1897609
1897610
1897611
1897612
1897613
1897614
1897615
1897616
1897617
1897618
1897619
1897620
1897621
1897622
1897623
1897624
1897625
1897626
1897627
1897628
1897629
1897630
1897631
1897632
1897633
1897634
1897635
1897636
1897637
1897638
1897639
1897640
1897641
1897642
1897643
1897644
1897645
1897646
1897647
1897648
1897649
1897650
1897651
1897652
1897653
1897654
1897655
1897656
1897657
1897658
1897659
1897660
1897661
1897662
1897663
1897664
1897665
1897666
1897667
1897668
1897669
1897670
1897671
1897672
1897673
1897674
1897675
1897676
1897677
1897678
1897679
1897680
1897681
1897682
1897683
1897684
1897685
1897686
1897687
1897688
1897689
1897690
1897691
1897692
1897693
1897694
1897695
1897696
1897697
1897698
1897699
1897700
1897701
1897702
1897703
1897704
1897705
1897706
1897707
1897708
1897709
1897710
1897711
1897712
1897713
1897714
1897715
1897716
1897717
1897718
1897719
1897720
1897721
1897722
1897723
1897724
1897725
1897726
1897727
1897728
1897729
1897730
1897731
1897732
1897733
1897734
1897735
1897736
1897737
1897738
1897739
1897740
1897741
1897742
1897743
1897744
1897745
1897746
1897747
1897748
1897749
1897750
1897751
1897752
1897753
1897754
1897755
1897756
1897757
1897758
1897759
1897760
1897761
1897762
1897763
1897764
1897765
1897766
1897767
1897768
1897769
1897770
1897771
1897772
1897773
1897774
1897775
1897776
1897777
1897778
1897779
1897780
1897781
1897782
1897783
1897784
1897785
1897786
1897787
1897788
1897789
1897790
1897791
1897792
1897793
1897794
1897795
1897796
1897797
1897798
1897799
1897800
1897801
1897802
1897803
1897804
1897805
1897806
1897807
1897808
1897809
1897810
1897811
1897812
1897813
1897814
1897815
1897816
1897817
1897818
1897819
1897820
1897821
1897822
1897823
1897824
1897825
1897826
1897827
1897828
1897829
1897830
1897831
1897832
1897833
1897834
1897835
1897836
1897837
1897838
1897839
1897840
1897841
1897842
1897843
1897844
1897845
1897846
1897847
1897848
1897849
1897850
1897851
1897852
1897853
1897854
1897855
1897856
1897857
1897858
1897859
1897860
1897861
1897862
1897863
1897864
1897865
1897866
1897867
1897868
1897869
1897870
1897871
1897872
1897873
1897874
1897875
1897876
1897877
1897878
1897879
1897880
1897881
1897882
1897883
1897884
1897885
1897886
1897887
1897888
1897889
1897890
1897891
1897892
1897893
1897894
1897895
1897896
1897897
1897898
1897899
1897900
1897901
1897902
1897903
1897904
1897905
1897906
1897907
1897908
1897909
1897910
1897911
1897912
1897913
1897914
1897915
1897916
1897917
1897918
1897919
1897920
1897921
1897922
1897923
1897924
1897925
1897926
1897927
1897928
1897929
1897930
1897931
1897932
1897933
1897934
1897935
1897936
1897937
1897938
1897939
1897940
1897941
1897942
1897943
1897944
1897945
1897946
1897947
1897948
1897949
1897950
1897951
1897952
1897953
1897954
1897955
1897956
1897957
1897958
1897959
1897960
1897961
1897962
1897963
1897964
1897965
1897966
1897967
1897968
1897969
1897970
1897971
1897972
1897973
1897974
1897975
1897976
1897977
1897978
1897979
1897980
1897981
1897982
1897983
1897984
1897985
1897986
1897987
1897988
1897989
1897990
1897991
1897992
1897993
1897994
1897995
1897996
1897997
1897998
1897999
1898000
1898001
1898002
1898003
1898004
1898005
1898006
1898007
1898008
1898009
1898010
1898011
1898012
1898013
1898014
1898015
1898016
1898017
1898018
1898019
1898020
1898021
1898022
1898023
1898024
1898025
1898026
1898027
1898028
1898029
1898030
1898031
1898032
1898033
1898034
1898035
1898036
1898037
1898038
1898039
1898040
1898041
1898042
1898043
1898044
1898045
1898046
1898047
1898048
1898049
1898050
1898051
1898052
1898053
1898054
1898055
1898056
1898057
1898058
1898059
1898060
1898061
1898062
1898063
1898064
1898065
1898066
1898067
1898068
1898069
1898070
1898071
1898072
1898073
1898074
1898075
1898076
1898077
1898078
1898079
1898080
1898081
1898082
1898083
1898084
1898085
1898086
1898087
1898088
1898089
1898090
1898091
1898092
1898093
1898094
1898095
1898096
1898097
1898098
1898099
1898100
1898101
1898102
1898103
1898104
1898105
1898106
1898107
1898108
1898109
1898110
1898111
1898112
1898113
1898114
1898115
1898116
1898117
1898118
1898119
1898120
1898121
1898122
1898123
1898124
1898125
1898126
1898127
1898128
1898129
1898130
1898131
1898132
1898133
1898134
1898135
1898136
1898137
1898138
1898139
1898140
1898141
1898142
1898143
1898144
1898145
1898146
1898147
1898148
1898149
1898150
1898151
1898152
1898153
1898154
1898155
1898156
1898157
1898158
1898159
1898160
1898161
1898162
1898163
1898164
1898165
1898166
1898167
1898168
1898169
1898170
1898171
1898172
1898173
1898174
1898175
1898176
1898177
1898178
1898179
1898180
1898181
1898182
1898183
1898184
1898185
1898186
1898187
1898188
1898189
1898190
1898191
1898192
1898193
1898194
1898195
1898196
1898197
1898198
1898199
1898200
1898201
1898202
1898203
1898204
1898205
1898206
1898207
1898208
1898209
1898210
1898211
1898212
1898213
1898214
1898215
1898216
1898217
1898218
1898219
1898220
1898221
1898222
1898223
1898224
1898225
1898226
1898227
1898228
1898229
1898230
1898231
1898232
1898233
1898234
1898235
1898236
1898237
1898238
1898239
1898240
1898241
1898242
1898243
1898244
1898245
1898246
1898247
1898248
1898249
1898250
1898251
1898252
1898253
1898254
1898255
1898256
1898257
1898258
1898259
1898260
1898261
1898262
1898263
1898264
1898265
1898266
1898267
1898268
1898269
1898270
1898271
1898272
1898273
1898274
1898275
1898276
1898277
1898278
1898279
1898280
1898281
1898282
1898283
1898284
1898285
1898286
1898287
1898288
1898289
1898290
1898291
1898292
1898293
1898294
1898295
1898296
1898297
1898298
1898299
1898300
1898301
1898302
1898303
1898304
1898305
1898306
1898307
1898308
1898309
1898310
1898311
1898312
1898313
1898314
1898315
1898316
1898317
1898318
1898319
1898320
1898321
1898322
1898323
1898324
1898325
1898326
1898327
1898328
1898329
1898330
1898331
1898332
1898333
1898334
1898335
1898336
1898337
1898338
1898339
1898340
1898341
1898342
1898343
1898344
1898345
1898346
1898347
1898348
1898349
1898350
1898351
1898352
1898353
1898354
1898355
1898356
1898357
1898358
1898359
1898360
1898361
1898362
1898363
1898364
1898365
1898366
1898367
1898368
1898369
1898370
1898371
1898372
1898373
1898374
1898375
1898376
1898377
1898378
1898379
1898380
1898381
1898382
1898383
1898384
1898385
1898386
1898387
1898388
1898389
1898390
1898391
1898392
1898393
1898394
1898395
1898396
1898397
1898398
1898399
1898400
1898401
1898402
1898403
1898404
1898405
1898406
1898407
1898408
1898409
1898410
1898411
1898412
1898413
1898414
1898415
1898416
1898417
1898418
1898419
1898420
1898421
1898422
1898423
1898424
1898425
1898426
1898427
1898428
1898429
1898430
1898431
1898432
1898433
1898434
1898435
1898436
1898437
1898438
1898439
1898440
1898441
1898442
1898443
1898444
1898445
1898446
1898447
1898448
1898449
1898450
1898451
1898452
1898453
1898454
1898455
1898456
1898457
1898458
1898459
1898460
1898461
1898462
1898463
1898464
1898465
1898466
1898467
1898468
1898469
1898470
1898471
1898472
1898473
1898474
1898475
1898476
1898477
1898478
1898479
1898480
1898481
1898482
1898483
1898484
1898485
1898486
1898487
1898488
1898489
1898490
1898491
1898492
1898493
1898494
1898495
1898496
1898497
1898498
1898499
1898500
1898501
1898502
1898503
1898504
1898505
1898506
1898507
1898508
1898509
1898510
1898511
1898512
1898513
1898514
1898515
1898516
1898517
1898518
1898519
1898520
1898521
1898522
1898523
1898524
1898525
1898526
1898527
1898528
1898529
1898530
1898531
1898532
1898533
1898534
1898535
1898536
1898537
1898538
1898539
1898540
1898541
1898542
1898543
1898544
1898545
1898546
1898547
1898548
1898549
1898550
1898551
1898552
1898553
1898554
1898555
1898556
1898557
1898558
1898559
1898560
1898561
1898562
1898563
1898564
1898565
1898566
1898567
1898568
1898569
1898570
1898571
1898572
1898573
1898574
1898575
1898576
1898577
1898578
1898579
1898580
1898581
1898582
1898583
1898584
1898585
1898586
1898587
1898588
1898589
1898590
1898591
1898592
1898593
1898594
1898595
1898596
1898597
1898598
1898599
1898600
1898601
1898602
1898603
1898604
1898605
1898606
1898607
1898608
1898609
1898610
1898611
1898612
1898613
1898614
1898615
1898616
1898617
1898618
1898619
1898620
1898621
1898622
1898623
1898624
1898625
1898626
1898627
1898628
1898629
1898630
1898631
1898632
1898633
1898634
1898635
1898636
1898637
1898638
1898639
1898640
1898641
1898642
1898643
1898644
1898645
1898646
1898647
1898648
1898649
1898650
1898651
1898652
1898653
1898654
1898655
1898656
1898657
1898658
1898659
1898660
1898661
1898662
1898663
1898664
1898665
1898666
1898667
1898668
1898669
1898670
1898671
1898672
1898673
1898674
1898675
1898676
1898677
1898678
1898679
1898680
1898681
1898682
1898683
1898684
1898685
1898686
1898687
1898688
1898689
1898690
1898691
1898692
1898693
1898694
1898695
1898696
1898697
1898698
1898699
1898700
1898701
1898702
1898703
1898704
1898705
1898706
1898707
1898708
1898709
1898710
1898711
1898712
1898713
1898714
1898715
1898716
1898717
1898718
1898719
1898720
1898721
1898722
1898723
1898724
1898725
1898726
1898727
1898728
1898729
1898730
1898731
1898732
1898733
1898734
1898735
1898736
1898737
1898738
1898739
1898740
1898741
1898742
1898743
1898744
1898745
1898746
1898747
1898748
1898749
1898750
1898751
1898752
1898753
1898754
1898755
1898756
1898757
1898758
1898759
1898760
1898761
1898762
1898763
1898764
1898765
1898766
1898767
1898768
1898769
1898770
1898771
1898772
1898773
1898774
1898775
1898776
1898777
1898778
1898779
1898780
1898781
1898782
1898783
1898784
1898785
1898786
1898787
1898788
1898789
1898790
1898791
1898792
1898793
1898794
1898795
1898796
1898797
1898798
1898799
1898800
1898801
1898802
1898803
1898804
1898805
1898806
1898807
1898808
1898809
1898810
1898811
1898812
1898813
1898814
1898815
1898816
1898817
1898818
1898819
1898820
1898821
1898822
1898823
1898824
1898825
1898826
1898827
1898828
1898829
1898830
1898831
1898832
1898833
1898834
1898835
1898836
1898837
1898838
1898839
1898840
1898841
1898842
1898843
1898844
1898845
1898846
1898847
1898848
1898849
1898850
1898851
1898852
1898853
1898854
1898855
1898856
1898857
1898858
1898859
1898860
1898861
1898862
1898863
1898864
1898865
1898866
1898867
1898868
1898869
1898870
1898871
1898872
1898873
1898874
1898875
1898876
1898877
1898878
1898879
1898880
1898881
1898882
1898883
1898884
1898885
1898886
1898887
1898888
1898889
1898890
1898891
1898892
1898893
1898894
1898895
1898896
1898897
1898898
1898899
1898900
1898901
1898902
1898903
1898904
1898905
1898906
1898907
1898908
1898909
1898910
1898911
1898912
1898913
1898914
1898915
1898916
1898917
1898918
1898919
1898920
1898921
1898922
1898923
1898924
1898925
1898926
1898927
1898928
1898929
1898930
1898931
1898932
1898933
1898934
1898935
1898936
1898937
1898938
1898939
1898940
1898941
1898942
1898943
1898944
1898945
1898946
1898947
1898948
1898949
1898950
1898951
1898952
1898953
1898954
1898955
1898956
1898957
1898958
1898959
1898960
1898961
1898962
1898963
1898964
1898965
1898966
1898967
1898968
1898969
1898970
1898971
1898972
1898973
1898974
1898975
1898976
1898977
1898978
1898979
1898980
1898981
1898982
1898983
1898984
1898985
1898986
1898987
1898988
1898989
1898990
1898991
1898992
1898993
1898994
1898995
1898996
1898997
1898998
1898999
1899000
1899001
1899002
1899003
1899004
1899005
1899006
1899007
1899008
1899009
1899010
1899011
1899012
1899013
1899014
1899015
1899016
1899017
1899018
1899019
1899020
1899021
1899022
1899023
1899024
1899025
1899026
1899027
1899028
1899029
1899030
1899031
1899032
1899033
1899034
1899035
1899036
1899037
1899038
1899039
1899040
1899041
1899042
1899043
1899044
1899045
1899046
1899047
1899048
1899049
1899050
1899051
1899052
1899053
1899054
1899055
1899056
1899057
1899058
1899059
1899060
1899061
1899062
1899063
1899064
1899065
1899066
1899067
1899068
1899069
1899070
1899071
1899072
1899073
1899074
1899075
1899076
1899077
1899078
1899079
1899080
1899081
1899082
1899083
1899084
1899085
1899086
1899087
1899088
1899089
1899090
1899091
1899092
1899093
1899094
1899095
1899096
1899097
1899098
1899099
1899100
1899101
1899102
1899103
1899104
1899105
1899106
1899107
1899108
1899109
1899110
1899111
1899112
1899113
1899114
1899115
1899116
1899117
1899118
1899119
1899120
1899121
1899122
1899123
1899124
1899125
1899126
1899127
1899128
1899129
1899130
1899131
1899132
1899133
1899134
1899135
1899136
1899137
1899138
1899139
1899140
1899141
1899142
1899143
1899144
1899145
1899146
1899147
1899148
1899149
1899150
1899151
1899152
1899153
1899154
1899155
1899156
1899157
1899158
1899159
1899160
1899161
1899162
1899163
1899164
1899165
1899166
1899167
1899168
1899169
1899170
1899171
1899172
1899173
1899174
1899175
1899176
1899177
1899178
1899179
1899180
1899181
1899182
1899183
1899184
1899185
1899186
1899187
1899188
1899189
1899190
1899191
1899192
1899193
1899194
1899195
1899196
1899197
1899198
1899199
1899200
1899201
1899202
1899203
1899204
1899205
1899206
1899207
1899208
1899209
1899210
1899211
1899212
1899213
1899214
1899215
1899216
1899217
1899218
1899219
1899220
1899221
1899222
1899223
1899224
1899225
1899226
1899227
1899228
1899229
1899230
1899231
1899232
1899233
1899234
1899235
1899236
1899237
1899238
1899239
1899240
1899241
1899242
1899243
1899244
1899245
1899246
1899247
1899248
1899249
1899250
1899251
1899252
1899253
1899254
1899255
1899256
1899257
1899258
1899259
1899260
1899261
1899262
1899263
1899264
1899265
1899266
1899267
1899268
1899269
1899270
1899271
1899272
1899273
1899274
1899275
1899276
1899277
1899278
1899279
1899280
1899281
1899282
1899283
1899284
1899285
1899286
1899287
1899288
1899289
1899290
1899291
1899292
1899293
1899294
1899295
1899296
1899297
1899298
1899299
1899300
1899301
1899302
1899303
1899304
1899305
1899306
1899307
1899308
1899309
1899310
1899311
1899312
1899313
1899314
1899315
1899316
1899317
1899318
1899319
1899320
1899321
1899322
1899323
1899324
1899325
1899326
1899327
1899328
1899329
1899330
1899331
1899332
1899333
1899334
1899335
1899336
1899337
1899338
1899339
1899340
1899341
1899342
1899343
1899344
1899345
1899346
1899347
1899348
1899349
1899350
1899351
1899352
1899353
1899354
1899355
1899356
1899357
1899358
1899359
1899360
1899361
1899362
1899363
1899364
1899365
1899366
1899367
1899368
1899369
1899370
1899371
1899372
1899373
1899374
1899375
1899376
1899377
1899378
1899379
1899380
1899381
1899382
1899383
1899384
1899385
1899386
1899387
1899388
1899389
1899390
1899391
1899392
1899393
1899394
1899395
1899396
1899397
1899398
1899399
1899400
1899401
1899402
1899403
1899404
1899405
1899406
1899407
1899408
1899409
1899410
1899411
1899412
1899413
1899414
1899415
1899416
1899417
1899418
1899419
1899420
1899421
1899422
1899423
1899424
1899425
1899426
1899427
1899428
1899429
1899430
1899431
1899432
1899433
1899434
1899435
1899436
1899437
1899438
1899439
1899440
1899441
1899442
1899443
1899444
1899445
1899446
1899447
1899448
1899449
1899450
1899451
1899452
1899453
1899454
1899455
1899456
1899457
1899458
1899459
1899460
1899461
1899462
1899463
1899464
1899465
1899466
1899467
1899468
1899469
1899470
1899471
1899472
1899473
1899474
1899475
1899476
1899477
1899478
1899479
1899480
1899481
1899482
1899483
1899484
1899485
1899486
1899487
1899488
1899489
1899490
1899491
1899492
1899493
1899494
1899495
1899496
1899497
1899498
1899499
1899500
1899501
1899502
1899503
1899504
1899505
1899506
1899507
1899508
1899509
1899510
1899511
1899512
1899513
1899514
1899515
1899516
1899517
1899518
1899519
1899520
1899521
1899522
1899523
1899524
1899525
1899526
1899527
1899528
1899529
1899530
1899531
1899532
1899533
1899534
1899535
1899536
1899537
1899538
1899539
1899540
1899541
1899542
1899543
1899544
1899545
1899546
1899547
1899548
1899549
1899550
1899551
1899552
1899553
1899554
1899555
1899556
1899557
1899558
1899559
1899560
1899561
1899562
1899563
1899564
1899565
1899566
1899567
1899568
1899569
1899570
1899571
1899572
1899573
1899574
1899575
1899576
1899577
1899578
1899579
1899580
1899581
1899582
1899583
1899584
1899585
1899586
1899587
1899588
1899589
1899590
1899591
1899592
1899593
1899594
1899595
1899596
1899597
1899598
1899599
1899600
1899601
1899602
1899603
1899604
1899605
1899606
1899607
1899608
1899609
1899610
1899611
1899612
1899613
1899614
1899615
1899616
1899617
1899618
1899619
1899620
1899621
1899622
1899623
1899624
1899625
1899626
1899627
1899628
1899629
1899630
1899631
1899632
1899633
1899634
1899635
1899636
1899637
1899638
1899639
1899640
1899641
1899642
1899643
1899644
1899645
1899646
1899647
1899648
1899649
1899650
1899651
1899652
1899653
1899654
1899655
1899656
1899657
1899658
1899659
1899660
1899661
1899662
1899663
1899664
1899665
1899666
1899667
1899668
1899669
1899670
1899671
1899672
1899673
1899674
1899675
1899676
1899677
1899678
1899679
1899680
1899681
1899682
1899683
1899684
1899685
1899686
1899687
1899688
1899689
1899690
1899691
1899692
1899693
1899694
1899695
1899696
1899697
1899698
1899699
1899700
1899701
1899702
1899703
1899704
1899705
1899706
1899707
1899708
1899709
1899710
1899711
1899712
1899713
1899714
1899715
1899716
1899717
1899718
1899719
1899720
1899721
1899722
1899723
1899724
1899725
1899726
1899727
1899728
1899729
1899730
1899731
1899732
1899733
1899734
1899735
1899736
1899737
1899738
1899739
1899740
1899741
1899742
1899743
1899744
1899745
1899746
1899747
1899748
1899749
1899750
1899751
1899752
1899753
1899754
1899755
1899756
1899757
1899758
1899759
1899760
1899761
1899762
1899763
1899764
1899765
1899766
1899767
1899768
1899769
1899770
1899771
1899772
1899773
1899774
1899775
1899776
1899777
1899778
1899779
1899780
1899781
1899782
1899783
1899784
1899785
1899786
1899787
1899788
1899789
1899790
1899791
1899792
1899793
1899794
1899795
1899796
1899797
1899798
1899799
1899800
1899801
1899802
1899803
1899804
1899805
1899806
1899807
1899808
1899809
1899810
1899811
1899812
1899813
1899814
1899815
1899816
1899817
1899818
1899819
1899820
1899821
1899822
1899823
1899824
1899825
1899826
1899827
1899828
1899829
1899830
1899831
1899832
1899833
1899834
1899835
1899836
1899837
1899838
1899839
1899840
1899841
1899842
1899843
1899844
1899845
1899846
1899847
1899848
1899849
1899850
1899851
1899852
1899853
1899854
1899855
1899856
1899857
1899858
1899859
1899860
1899861
1899862
1899863
1899864
1899865
1899866
1899867
1899868
1899869
1899870
1899871
1899872
1899873
1899874
1899875
1899876
1899877
1899878
1899879
1899880
1899881
1899882
1899883
1899884
1899885
1899886
1899887
1899888
1899889
1899890
1899891
1899892
1899893
1899894
1899895
1899896
1899897
1899898
1899899
1899900
1899901
1899902
1899903
1899904
1899905
1899906
1899907
1899908
1899909
1899910
1899911
1899912
1899913
1899914
1899915
1899916
1899917
1899918
1899919
1899920
1899921
1899922
1899923
1899924
1899925
1899926
1899927
1899928
1899929
1899930
1899931
1899932
1899933
1899934
1899935
1899936
1899937
1899938
1899939
1899940
1899941
1899942
1899943
1899944
1899945
1899946
1899947
1899948
1899949
1899950
1899951
1899952
1899953
1899954
1899955
1899956
1899957
1899958
1899959
1899960
1899961
1899962
1899963
1899964
1899965
1899966
1899967
1899968
1899969
1899970
1899971
1899972
1899973
1899974
1899975
1899976
1899977
1899978
1899979
1899980
1899981
1899982
1899983
1899984
1899985
1899986
1899987
1899988
1899989
1899990
1899991
1899992
1899993
1899994
1899995
1899996
1899997
1899998
1899999
1900000
1900001
1900002
1900003
1900004
1900005
1900006
1900007
1900008
1900009
1900010
1900011
1900012
1900013
1900014
1900015
1900016
1900017
1900018
1900019
1900020
1900021
1900022
1900023
1900024
1900025
1900026
1900027
1900028
1900029
1900030
1900031
1900032
1900033
1900034
1900035
1900036
1900037
1900038
1900039
1900040
1900041
1900042
1900043
1900044
1900045
1900046
1900047
1900048
1900049
1900050
1900051
1900052
1900053
1900054
1900055
1900056
1900057
1900058
1900059
1900060
1900061
1900062
1900063
1900064
1900065
1900066
1900067
1900068
1900069
1900070
1900071
1900072
1900073
1900074
1900075
1900076
1900077
1900078
1900079
1900080
1900081
1900082
1900083
1900084
1900085
1900086
1900087
1900088
1900089
1900090
1900091
1900092
1900093
1900094
1900095
1900096
1900097
1900098
1900099
1900100
1900101
1900102
1900103
1900104
1900105
1900106
1900107
1900108
1900109
1900110
1900111
1900112
1900113
1900114
1900115
1900116
1900117
1900118
1900119
1900120
1900121
1900122
1900123
1900124
1900125
1900126
1900127
1900128
1900129
1900130
1900131
1900132
1900133
1900134
1900135
1900136
1900137
1900138
1900139
1900140
1900141
1900142
1900143
1900144
1900145
1900146
1900147
1900148
1900149
1900150
1900151
1900152
1900153
1900154
1900155
1900156
1900157
1900158
1900159
1900160
1900161
1900162
1900163
1900164
1900165
1900166
1900167
1900168
1900169
1900170
1900171
1900172
1900173
1900174
1900175
1900176
1900177
1900178
1900179
1900180
1900181
1900182
1900183
1900184
1900185
1900186
1900187
1900188
1900189
1900190
1900191
1900192
1900193
1900194
1900195
1900196
1900197
1900198
1900199
1900200
1900201
1900202
1900203
1900204
1900205
1900206
1900207
1900208
1900209
1900210
1900211
1900212
1900213
1900214
1900215
1900216
1900217
1900218
1900219
1900220
1900221
1900222
1900223
1900224
1900225
1900226
1900227
1900228
1900229
1900230
1900231
1900232
1900233
1900234
1900235
1900236
1900237
1900238
1900239
1900240
1900241
1900242
1900243
1900244
1900245
1900246
1900247
1900248
1900249
1900250
1900251
1900252
1900253
1900254
1900255
1900256
1900257
1900258
1900259
1900260
1900261
1900262
1900263
1900264
1900265
1900266
1900267
1900268
1900269
1900270
1900271
1900272
1900273
1900274
1900275
1900276
1900277
1900278
1900279
1900280
1900281
1900282
1900283
1900284
1900285
1900286
1900287
1900288
1900289
1900290
1900291
1900292
1900293
1900294
1900295
1900296
1900297
1900298
1900299
1900300
1900301
1900302
1900303
1900304
1900305
1900306
1900307
1900308
1900309
1900310
1900311
1900312
1900313
1900314
1900315
1900316
1900317
1900318
1900319
1900320
1900321
1900322
1900323
1900324
1900325
1900326
1900327
1900328
1900329
1900330
1900331
1900332
1900333
1900334
1900335
1900336
1900337
1900338
1900339
1900340
1900341
1900342
1900343
1900344
1900345
1900346
1900347
1900348
1900349
1900350
1900351
1900352
1900353
1900354
1900355
1900356
1900357
1900358
1900359
1900360
1900361
1900362
1900363
1900364
1900365
1900366
1900367
1900368
1900369
1900370
1900371
1900372
1900373
1900374
1900375
1900376
1900377
1900378
1900379
1900380
1900381
1900382
1900383
1900384
1900385
1900386
1900387
1900388
1900389
1900390
1900391
1900392
1900393
1900394
1900395
1900396
1900397
1900398
1900399
1900400
1900401
1900402
1900403
1900404
1900405
1900406
1900407
1900408
1900409
1900410
1900411
1900412
1900413
1900414
1900415
1900416
1900417
1900418
1900419
1900420
1900421
1900422
1900423
1900424
1900425
1900426
1900427
1900428
1900429
1900430
1900431
1900432
1900433
1900434
1900435
1900436
1900437
1900438
1900439
1900440
1900441
1900442
1900443
1900444
1900445
1900446
1900447
1900448
1900449
1900450
1900451
1900452
1900453
1900454
1900455
1900456
1900457
1900458
1900459
1900460
1900461
1900462
1900463
1900464
1900465
1900466
1900467
1900468
1900469
1900470
1900471
1900472
1900473
1900474
1900475
1900476
1900477
1900478
1900479
1900480
1900481
1900482
1900483
1900484
1900485
1900486
1900487
1900488
1900489
1900490
1900491
1900492
1900493
1900494
1900495
1900496
1900497
1900498
1900499
1900500
1900501
1900502
1900503
1900504
1900505
1900506
1900507
1900508
1900509
1900510
1900511
1900512
1900513
1900514
1900515
1900516
1900517
1900518
1900519
1900520
1900521
1900522
1900523
1900524
1900525
1900526
1900527
1900528
1900529
1900530
1900531
1900532
1900533
1900534
1900535
1900536
1900537
1900538
1900539
1900540
1900541
1900542
1900543
1900544
1900545
1900546
1900547
1900548
1900549
1900550
1900551
1900552
1900553
1900554
1900555
1900556
1900557
1900558
1900559
1900560
1900561
1900562
1900563
1900564
1900565
1900566
1900567
1900568
1900569
1900570
1900571
1900572
1900573
1900574
1900575
1900576
1900577
1900578
1900579
1900580
1900581
1900582
1900583
1900584
1900585
1900586
1900587
1900588
1900589
1900590
1900591
1900592
1900593
1900594
1900595
1900596
1900597
1900598
1900599
1900600
1900601
1900602
1900603
1900604
1900605
1900606
1900607
1900608
1900609
1900610
1900611
1900612
1900613
1900614
1900615
1900616
1900617
1900618
1900619
1900620
1900621
1900622
1900623
1900624
1900625
1900626
1900627
1900628
1900629
1900630
1900631
1900632
1900633
1900634
1900635
1900636
1900637
1900638
1900639
1900640
1900641
1900642
1900643
1900644
1900645
1900646
1900647
1900648
1900649
1900650
1900651
1900652
1900653
1900654
1900655
1900656
1900657
1900658
1900659
1900660
1900661
1900662
1900663
1900664
1900665
1900666
1900667
1900668
1900669
1900670
1900671
1900672
1900673
1900674
1900675
1900676
1900677
1900678
1900679
1900680
1900681
1900682
1900683
1900684
1900685
1900686
1900687
1900688
1900689
1900690
1900691
1900692
1900693
1900694
1900695
1900696
1900697
1900698
1900699
1900700
1900701
1900702
1900703
1900704
1900705
1900706
1900707
1900708
1900709
1900710
1900711
1900712
1900713
1900714
1900715
1900716
1900717
1900718
1900719
1900720
1900721
1900722
1900723
1900724
1900725
1900726
1900727
1900728
1900729
1900730
1900731
1900732
1900733
1900734
1900735
1900736
1900737
1900738
1900739
1900740
1900741
1900742
1900743
1900744
1900745
1900746
1900747
1900748
1900749
1900750
1900751
1900752
1900753
1900754
1900755
1900756
1900757
1900758
1900759
1900760
1900761
1900762
1900763
1900764
1900765
1900766
1900767
1900768
1900769
1900770
1900771
1900772
1900773
1900774
1900775
1900776
1900777
1900778
1900779
1900780
1900781
1900782
1900783
1900784
1900785
1900786
1900787
1900788
1900789
1900790
1900791
1900792
1900793
1900794
1900795
1900796
1900797
1900798
1900799
1900800
1900801
1900802
1900803
1900804
1900805
1900806
1900807
1900808
1900809
1900810
1900811
1900812
1900813
1900814
1900815
1900816
1900817
1900818
1900819
1900820
1900821
1900822
1900823
1900824
1900825
1900826
1900827
1900828
1900829
1900830
1900831
1900832
1900833
1900834
1900835
1900836
1900837
1900838
1900839
1900840
1900841
1900842
1900843
1900844
1900845
1900846
1900847
1900848
1900849
1900850
1900851
1900852
1900853
1900854
1900855
1900856
1900857
1900858
1900859
1900860
1900861
1900862
1900863
1900864
1900865
1900866
1900867
1900868
1900869
1900870
1900871
1900872
1900873
1900874
1900875
1900876
1900877
1900878
1900879
1900880
1900881
1900882
1900883
1900884
1900885
1900886
1900887
1900888
1900889
1900890
1900891
1900892
1900893
1900894
1900895
1900896
1900897
1900898
1900899
1900900
1900901
1900902
1900903
1900904
1900905
1900906
1900907
1900908
1900909
1900910
1900911
1900912
1900913
1900914
1900915
1900916
1900917
1900918
1900919
1900920
1900921
1900922
1900923
1900924
1900925
1900926
1900927
1900928
1900929
1900930
1900931
1900932
1900933
1900934
1900935
1900936
1900937
1900938
1900939
1900940
1900941
1900942
1900943
1900944
1900945
1900946
1900947
1900948
1900949
1900950
1900951
1900952
1900953
1900954
1900955
1900956
1900957
1900958
1900959
1900960
1900961
1900962
1900963
1900964
1900965
1900966
1900967
1900968
1900969
1900970
1900971
1900972
1900973
1900974
1900975
1900976
1900977
1900978
1900979
1900980
1900981
1900982
1900983
1900984
1900985
1900986
1900987
1900988
1900989
1900990
1900991
1900992
1900993
1900994
1900995
1900996
1900997
1900998
1900999
1901000
1901001
1901002
1901003
1901004
1901005
1901006
1901007
1901008
1901009
1901010
1901011
1901012
1901013
1901014
1901015
1901016
1901017
1901018
1901019
1901020
1901021
1901022
1901023
1901024
1901025
1901026
1901027
1901028
1901029
1901030
1901031
1901032
1901033
1901034
1901035
1901036
1901037
1901038
1901039
1901040
1901041
1901042
1901043
1901044
1901045
1901046
1901047
1901048
1901049
1901050
1901051
1901052
1901053
1901054
1901055
1901056
1901057
1901058
1901059
1901060
1901061
1901062
1901063
1901064
1901065
1901066
1901067
1901068
1901069
1901070
1901071
1901072
1901073
1901074
1901075
1901076
1901077
1901078
1901079
1901080
1901081
1901082
1901083
1901084
1901085
1901086
1901087
1901088
1901089
1901090
1901091
1901092
1901093
1901094
1901095
1901096
1901097
1901098
1901099
1901100
1901101
1901102
1901103
1901104
1901105
1901106
1901107
1901108
1901109
1901110
1901111
1901112
1901113
1901114
1901115
1901116
1901117
1901118
1901119
1901120
1901121
1901122
1901123
1901124
1901125
1901126
1901127
1901128
1901129
1901130
1901131
1901132
1901133
1901134
1901135
1901136
1901137
1901138
1901139
1901140
1901141
1901142
1901143
1901144
1901145
1901146
1901147
1901148
1901149
1901150
1901151
1901152
1901153
1901154
1901155
1901156
1901157
1901158
1901159
1901160
1901161
1901162
1901163
1901164
1901165
1901166
1901167
1901168
1901169
1901170
1901171
1901172
1901173
1901174
1901175
1901176
1901177
1901178
1901179
1901180
1901181
1901182
1901183
1901184
1901185
1901186
1901187
1901188
1901189
1901190
1901191
1901192
1901193
1901194
1901195
1901196
1901197
1901198
1901199
1901200
1901201
1901202
1901203
1901204
1901205
1901206
1901207
1901208
1901209
1901210
1901211
1901212
1901213
1901214
1901215
1901216
1901217
1901218
1901219
1901220
1901221
1901222
1901223
1901224
1901225
1901226
1901227
1901228
1901229
1901230
1901231
1901232
1901233
1901234
1901235
1901236
1901237
1901238
1901239
1901240
1901241
1901242
1901243
1901244
1901245
1901246
1901247
1901248
1901249
1901250
1901251
1901252
1901253
1901254
1901255
1901256
1901257
1901258
1901259
1901260
1901261
1901262
1901263
1901264
1901265
1901266
1901267
1901268
1901269
1901270
1901271
1901272
1901273
1901274
1901275
1901276
1901277
1901278
1901279
1901280
1901281
1901282
1901283
1901284
1901285
1901286
1901287
1901288
1901289
1901290
1901291
1901292
1901293
1901294
1901295
1901296
1901297
1901298
1901299
1901300
1901301
1901302
1901303
1901304
1901305
1901306
1901307
1901308
1901309
1901310
1901311
1901312
1901313
1901314
1901315
1901316
1901317
1901318
1901319
1901320
1901321
1901322
1901323
1901324
1901325
1901326
1901327
1901328
1901329
1901330
1901331
1901332
1901333
1901334
1901335
1901336
1901337
1901338
1901339
1901340
1901341
1901342
1901343
1901344
1901345
1901346
1901347
1901348
1901349
1901350
1901351
1901352
1901353
1901354
1901355
1901356
1901357
1901358
1901359
1901360
1901361
1901362
1901363
1901364
1901365
1901366
1901367
1901368
1901369
1901370
1901371
1901372
1901373
1901374
1901375
1901376
1901377
1901378
1901379
1901380
1901381
1901382
1901383
1901384
1901385
1901386
1901387
1901388
1901389
1901390
1901391
1901392
1901393
1901394
1901395
1901396
1901397
1901398
1901399
1901400
1901401
1901402
1901403
1901404
1901405
1901406
1901407
1901408
1901409
1901410
1901411
1901412
1901413
1901414
1901415
1901416
1901417
1901418
1901419
1901420
1901421
1901422
1901423
1901424
1901425
1901426
1901427
1901428
1901429
1901430
1901431
1901432
1901433
1901434
1901435
1901436
1901437
1901438
1901439
1901440
1901441
1901442
1901443
1901444
1901445
1901446
1901447
1901448
1901449
1901450
1901451
1901452
1901453
1901454
1901455
1901456
1901457
1901458
1901459
1901460
1901461
1901462
1901463
1901464
1901465
1901466
1901467
1901468
1901469
1901470
1901471
1901472
1901473
1901474
1901475
1901476
1901477
1901478
1901479
1901480
1901481
1901482
1901483
1901484
1901485
1901486
1901487
1901488
1901489
1901490
1901491
1901492
1901493
1901494
1901495
1901496
1901497
1901498
1901499
1901500
1901501
1901502
1901503
1901504
1901505
1901506
1901507
1901508
1901509
1901510
1901511
1901512
1901513
1901514
1901515
1901516
1901517
1901518
1901519
1901520
1901521
1901522
1901523
1901524
1901525
1901526
1901527
1901528
1901529
1901530
1901531
1901532
1901533
1901534
1901535
1901536
1901537
1901538
1901539
1901540
1901541
1901542
1901543
1901544
1901545
1901546
1901547
1901548
1901549
1901550
1901551
1901552
1901553
1901554
1901555
1901556
1901557
1901558
1901559
1901560
1901561
1901562
1901563
1901564
1901565
1901566
1901567
1901568
1901569
1901570
1901571
1901572
1901573
1901574
1901575
1901576
1901577
1901578
1901579
1901580
1901581
1901582
1901583
1901584
1901585
1901586
1901587
1901588
1901589
1901590
1901591
1901592
1901593
1901594
1901595
1901596
1901597
1901598
1901599
1901600
1901601
1901602
1901603
1901604
1901605
1901606
1901607
1901608
1901609
1901610
1901611
1901612
1901613
1901614
1901615
1901616
1901617
1901618
1901619
1901620
1901621
1901622
1901623
1901624
1901625
1901626
1901627
1901628
1901629
1901630
1901631
1901632
1901633
1901634
1901635
1901636
1901637
1901638
1901639
1901640
1901641
1901642
1901643
1901644
1901645
1901646
1901647
1901648
1901649
1901650
1901651
1901652
1901653
1901654
1901655
1901656
1901657
1901658
1901659
1901660
1901661
1901662
1901663
1901664
1901665
1901666
1901667
1901668
1901669
1901670
1901671
1901672
1901673
1901674
1901675
1901676
1901677
1901678
1901679
1901680
1901681
1901682
1901683
1901684
1901685
1901686
1901687
1901688
1901689
1901690
1901691
1901692
1901693
1901694
1901695
1901696
1901697
1901698
1901699
1901700
1901701
1901702
1901703
1901704
1901705
1901706
1901707
1901708
1901709
1901710
1901711
1901712
1901713
1901714
1901715
1901716
1901717
1901718
1901719
1901720
1901721
1901722
1901723
1901724
1901725
1901726
1901727
1901728
1901729
1901730
1901731
1901732
1901733
1901734
1901735
1901736
1901737
1901738
1901739
1901740
1901741
1901742
1901743
1901744
1901745
1901746
1901747
1901748
1901749
1901750
1901751
1901752
1901753
1901754
1901755
1901756
1901757
1901758
1901759
1901760
1901761
1901762
1901763
1901764
1901765
1901766
1901767
1901768
1901769
1901770
1901771
1901772
1901773
1901774
1901775
1901776
1901777
1901778
1901779
1901780
1901781
1901782
1901783
1901784
1901785
1901786
1901787
1901788
1901789
1901790
1901791
1901792
1901793
1901794
1901795
1901796
1901797
1901798
1901799
1901800
1901801
1901802
1901803
1901804
1901805
1901806
1901807
1901808
1901809
1901810
1901811
1901812
1901813
1901814
1901815
1901816
1901817
1901818
1901819
1901820
1901821
1901822
1901823
1901824
1901825
1901826
1901827
1901828
1901829
1901830
1901831
1901832
1901833
1901834
1901835
1901836
1901837
1901838
1901839
1901840
1901841
1901842
1901843
1901844
1901845
1901846
1901847
1901848
1901849
1901850
1901851
1901852
1901853
1901854
1901855
1901856
1901857
1901858
1901859
1901860
1901861
1901862
1901863
1901864
1901865
1901866
1901867
1901868
1901869
1901870
1901871
1901872
1901873
1901874
1901875
1901876
1901877
1901878
1901879
1901880
1901881
1901882
1901883
1901884
1901885
1901886
1901887
1901888
1901889
1901890
1901891
1901892
1901893
1901894
1901895
1901896
1901897
1901898
1901899
1901900
1901901
1901902
1901903
1901904
1901905
1901906
1901907
1901908
1901909
1901910
1901911
1901912
1901913
1901914
1901915
1901916
1901917
1901918
1901919
1901920
1901921
1901922
1901923
1901924
1901925
1901926
1901927
1901928
1901929
1901930
1901931
1901932
1901933
1901934
1901935
1901936
1901937
1901938
1901939
1901940
1901941
1901942
1901943
1901944
1901945
1901946
1901947
1901948
1901949
1901950
1901951
1901952
1901953
1901954
1901955
1901956
1901957
1901958
1901959
1901960
1901961
1901962
1901963
1901964
1901965
1901966
1901967
1901968
1901969
1901970
1901971
1901972
1901973
1901974
1901975
1901976
1901977
1901978
1901979
1901980
1901981
1901982
1901983
1901984
1901985
1901986
1901987
1901988
1901989
1901990
1901991
1901992
1901993
1901994
1901995
1901996
1901997
1901998
1901999
1902000
1902001
1902002
1902003
1902004
1902005
1902006
1902007
1902008
1902009
1902010
1902011
1902012
1902013
1902014
1902015
1902016
1902017
1902018
1902019
1902020
1902021
1902022
1902023
1902024
1902025
1902026
1902027
1902028
1902029
1902030
1902031
1902032
1902033
1902034
1902035
1902036
1902037
1902038
1902039
1902040
1902041
1902042
1902043
1902044
1902045
1902046
1902047
1902048
1902049
1902050
1902051
1902052
1902053
1902054
1902055
1902056
1902057
1902058
1902059
1902060
1902061
1902062
1902063
1902064
1902065
1902066
1902067
1902068
1902069
1902070
1902071
1902072
1902073
1902074
1902075
1902076
1902077
1902078
1902079
1902080
1902081
1902082
1902083
1902084
1902085
1902086
1902087
1902088
1902089
1902090
1902091
1902092
1902093
1902094
1902095
1902096
1902097
1902098
1902099
1902100
1902101
1902102
1902103
1902104
1902105
1902106
1902107
1902108
1902109
1902110
1902111
1902112
1902113
1902114
1902115
1902116
1902117
1902118
1902119
1902120
1902121
1902122
1902123
1902124
1902125
1902126
1902127
1902128
1902129
1902130
1902131
1902132
1902133
1902134
1902135
1902136
1902137
1902138
1902139
1902140
1902141
1902142
1902143
1902144
1902145
1902146
1902147
1902148
1902149
1902150
1902151
1902152
1902153
1902154
1902155
1902156
1902157
1902158
1902159
1902160
1902161
1902162
1902163
1902164
1902165
1902166
1902167
1902168
1902169
1902170
1902171
1902172
1902173
1902174
1902175
1902176
1902177
1902178
1902179
1902180
1902181
1902182
1902183
1902184
1902185
1902186
1902187
1902188
1902189
1902190
1902191
1902192
1902193
1902194
1902195
1902196
1902197
1902198
1902199
1902200
1902201
1902202
1902203
1902204
1902205
1902206
1902207
1902208
1902209
1902210
1902211
1902212
1902213
1902214
1902215
1902216
1902217
1902218
1902219
1902220
1902221
1902222
1902223
1902224
1902225
1902226
1902227
1902228
1902229
1902230
1902231
1902232
1902233
1902234
1902235
1902236
1902237
1902238
1902239
1902240
1902241
1902242
1902243
1902244
1902245
1902246
1902247
1902248
1902249
1902250
1902251
1902252
1902253
1902254
1902255
1902256
1902257
1902258
1902259
1902260
1902261
1902262
1902263
1902264
1902265
1902266
1902267
1902268
1902269
1902270
1902271
1902272
1902273
1902274
1902275
1902276
1902277
1902278
1902279
1902280
1902281
1902282
1902283
1902284
1902285
1902286
1902287
1902288
1902289
1902290
1902291
1902292
1902293
1902294
1902295
1902296
1902297
1902298
1902299
1902300
1902301
1902302
1902303
1902304
1902305
1902306
1902307
1902308
1902309
1902310
1902311
1902312
1902313
1902314
1902315
1902316
1902317
1902318
1902319
1902320
1902321
1902322
1902323
1902324
1902325
1902326
1902327
1902328
1902329
1902330
1902331
1902332
1902333
1902334
1902335
1902336
1902337
1902338
1902339
1902340
1902341
1902342
1902343
1902344
1902345
1902346
1902347
1902348
1902349
1902350
1902351
1902352
1902353
1902354
1902355
1902356
1902357
1902358
1902359
1902360
1902361
1902362
1902363
1902364
1902365
1902366
1902367
1902368
1902369
1902370
1902371
1902372
1902373
1902374
1902375
1902376
1902377
1902378
1902379
1902380
1902381
1902382
1902383
1902384
1902385
1902386
1902387
1902388
1902389
1902390
1902391
1902392
1902393
1902394
1902395
1902396
1902397
1902398
1902399
1902400
1902401
1902402
1902403
1902404
1902405
1902406
1902407
1902408
1902409
1902410
1902411
1902412
1902413
1902414
1902415
1902416
1902417
1902418
1902419
1902420
1902421
1902422
1902423
1902424
1902425
1902426
1902427
1902428
1902429
1902430
1902431
1902432
1902433
1902434
1902435
1902436
1902437
1902438
1902439
1902440
1902441
1902442
1902443
1902444
1902445
1902446
1902447
1902448
1902449
1902450
1902451
1902452
1902453
1902454
1902455
1902456
1902457
1902458
1902459
1902460
1902461
1902462
1902463
1902464
1902465
1902466
1902467
1902468
1902469
1902470
1902471
1902472
1902473
1902474
1902475
1902476
1902477
1902478
1902479
1902480
1902481
1902482
1902483
1902484
1902485
1902486
1902487
1902488
1902489
1902490
1902491
1902492
1902493
1902494
1902495
1902496
1902497
1902498
1902499
1902500
1902501
1902502
1902503
1902504
1902505
1902506
1902507
1902508
1902509
1902510
1902511
1902512
1902513
1902514
1902515
1902516
1902517
1902518
1902519
1902520
1902521
1902522
1902523
1902524
1902525
1902526
1902527
1902528
1902529
1902530
1902531
1902532
1902533
1902534
1902535
1902536
1902537
1902538
1902539
1902540
1902541
1902542
1902543
1902544
1902545
1902546
1902547
1902548
1902549
1902550
1902551
1902552
1902553
1902554
1902555
1902556
1902557
1902558
1902559
1902560
1902561
1902562
1902563
1902564
1902565
1902566
1902567
1902568
1902569
1902570
1902571
1902572
1902573
1902574
1902575
1902576
1902577
1902578
1902579
1902580
1902581
1902582
1902583
1902584
1902585
1902586
1902587
1902588
1902589
1902590
1902591
1902592
1902593
1902594
1902595
1902596
1902597
1902598
1902599
1902600
1902601
1902602
1902603
1902604
1902605
1902606
1902607
1902608
1902609
1902610
1902611
1902612
1902613
1902614
1902615
1902616
1902617
1902618
1902619
1902620
1902621
1902622
1902623
1902624
1902625
1902626
1902627
1902628
1902629
1902630
1902631
1902632
1902633
1902634
1902635
1902636
1902637
1902638
1902639
1902640
1902641
1902642
1902643
1902644
1902645
1902646
1902647
1902648
1902649
1902650
1902651
1902652
1902653
1902654
1902655
1902656
1902657
1902658
1902659
1902660
1902661
1902662
1902663
1902664
1902665
1902666
1902667
1902668
1902669
1902670
1902671
1902672
1902673
1902674
1902675
1902676
1902677
1902678
1902679
1902680
1902681
1902682
1902683
1902684
1902685
1902686
1902687
1902688
1902689
1902690
1902691
1902692
1902693
1902694
1902695
1902696
1902697
1902698
1902699
1902700
1902701
1902702
1902703
1902704
1902705
1902706
1902707
1902708
1902709
1902710
1902711
1902712
1902713
1902714
1902715
1902716
1902717
1902718
1902719
1902720
1902721
1902722
1902723
1902724
1902725
1902726
1902727
1902728
1902729
1902730
1902731
1902732
1902733
1902734
1902735
1902736
1902737
1902738
1902739
1902740
1902741
1902742
1902743
1902744
1902745
1902746
1902747
1902748
1902749
1902750
1902751
1902752
1902753
1902754
1902755
1902756
1902757
1902758
1902759
1902760
1902761
1902762
1902763
1902764
1902765
1902766
1902767
1902768
1902769
1902770
1902771
1902772
1902773
1902774
1902775
1902776
1902777
1902778
1902779
1902780
1902781
1902782
1902783
1902784
1902785
1902786
1902787
1902788
1902789
1902790
1902791
1902792
1902793
1902794
1902795
1902796
1902797
1902798
1902799
1902800
1902801
1902802
1902803
1902804
1902805
1902806
1902807
1902808
1902809
1902810
1902811
1902812
1902813
1902814
1902815
1902816
1902817
1902818
1902819
1902820
1902821
1902822
1902823
1902824
1902825
1902826
1902827
1902828
1902829
1902830
1902831
1902832
1902833
1902834
1902835
1902836
1902837
1902838
1902839
1902840
1902841
1902842
1902843
1902844
1902845
1902846
1902847
1902848
1902849
1902850
1902851
1902852
1902853
1902854
1902855
1902856
1902857
1902858
1902859
1902860
1902861
1902862
1902863
1902864
1902865
1902866
1902867
1902868
1902869
1902870
1902871
1902872
1902873
1902874
1902875
1902876
1902877
1902878
1902879
1902880
1902881
1902882
1902883
1902884
1902885
1902886
1902887
1902888
1902889
1902890
1902891
1902892
1902893
1902894
1902895
1902896
1902897
1902898
1902899
1902900
1902901
1902902
1902903
1902904
1902905
1902906
1902907
1902908
1902909
1902910
1902911
1902912
1902913
1902914
1902915
1902916
1902917
1902918
1902919
1902920
1902921
1902922
1902923
1902924
1902925
1902926
1902927
1902928
1902929
1902930
1902931
1902932
1902933
1902934
1902935
1902936
1902937
1902938
1902939
1902940
1902941
1902942
1902943
1902944
1902945
1902946
1902947
1902948
1902949
1902950
1902951
1902952
1902953
1902954
1902955
1902956
1902957
1902958
1902959
1902960
1902961
1902962
1902963
1902964
1902965
1902966
1902967
1902968
1902969
1902970
1902971
1902972
1902973
1902974
1902975
1902976
1902977
1902978
1902979
1902980
1902981
1902982
1902983
1902984
1902985
1902986
1902987
1902988
1902989
1902990
1902991
1902992
1902993
1902994
1902995
1902996
1902997
1902998
1902999
1903000
1903001
1903002
1903003
1903004
1903005
1903006
1903007
1903008
1903009
1903010
1903011
1903012
1903013
1903014
1903015
1903016
1903017
1903018
1903019
1903020
1903021
1903022
1903023
1903024
1903025
1903026
1903027
1903028
1903029
1903030
1903031
1903032
1903033
1903034
1903035
1903036
1903037
1903038
1903039
1903040
1903041
1903042
1903043
1903044
1903045
1903046
1903047
1903048
1903049
1903050
1903051
1903052
1903053
1903054
1903055
1903056
1903057
1903058
1903059
1903060
1903061
1903062
1903063
1903064
1903065
1903066
1903067
1903068
1903069
1903070
1903071
1903072
1903073
1903074
1903075
1903076
1903077
1903078
1903079
1903080
1903081
1903082
1903083
1903084
1903085
1903086
1903087
1903088
1903089
1903090
1903091
1903092
1903093
1903094
1903095
1903096
1903097
1903098
1903099
1903100
1903101
1903102
1903103
1903104
1903105
1903106
1903107
1903108
1903109
1903110
1903111
1903112
1903113
1903114
1903115
1903116
1903117
1903118
1903119
1903120
1903121
1903122
1903123
1903124
1903125
1903126
1903127
1903128
1903129
1903130
1903131
1903132
1903133
1903134
1903135
1903136
1903137
1903138
1903139
1903140
1903141
1903142
1903143
1903144
1903145
1903146
1903147
1903148
1903149
1903150
1903151
1903152
1903153
1903154
1903155
1903156
1903157
1903158
1903159
1903160
1903161
1903162
1903163
1903164
1903165
1903166
1903167
1903168
1903169
1903170
1903171
1903172
1903173
1903174
1903175
1903176
1903177
1903178
1903179
1903180
1903181
1903182
1903183
1903184
1903185
1903186
1903187
1903188
1903189
1903190
1903191
1903192
1903193
1903194
1903195
1903196
1903197
1903198
1903199
1903200
1903201
1903202
1903203
1903204
1903205
1903206
1903207
1903208
1903209
1903210
1903211
1903212
1903213
1903214
1903215
1903216
1903217
1903218
1903219
1903220
1903221
1903222
1903223
1903224
1903225
1903226
1903227
1903228
1903229
1903230
1903231
1903232
1903233
1903234
1903235
1903236
1903237
1903238
1903239
1903240
1903241
1903242
1903243
1903244
1903245
1903246
1903247
1903248
1903249
1903250
1903251
1903252
1903253
1903254
1903255
1903256
1903257
1903258
1903259
1903260
1903261
1903262
1903263
1903264
1903265
1903266
1903267
1903268
1903269
1903270
1903271
1903272
1903273
1903274
1903275
1903276
1903277
1903278
1903279
1903280
1903281
1903282
1903283
1903284
1903285
1903286
1903287
1903288
1903289
1903290
1903291
1903292
1903293
1903294
1903295
1903296
1903297
1903298
1903299
1903300
1903301
1903302
1903303
1903304
1903305
1903306
1903307
1903308
1903309
1903310
1903311
1903312
1903313
1903314
1903315
1903316
1903317
1903318
1903319
1903320
1903321
1903322
1903323
1903324
1903325
1903326
1903327
1903328
1903329
1903330
1903331
1903332
1903333
1903334
1903335
1903336
1903337
1903338
1903339
1903340
1903341
1903342
1903343
1903344
1903345
1903346
1903347
1903348
1903349
1903350
1903351
1903352
1903353
1903354
1903355
1903356
1903357
1903358
1903359
1903360
1903361
1903362
1903363
1903364
1903365
1903366
1903367
1903368
1903369
1903370
1903371
1903372
1903373
1903374
1903375
1903376
1903377
1903378
1903379
1903380
1903381
1903382
1903383
1903384
1903385
1903386
1903387
1903388
1903389
1903390
1903391
1903392
1903393
1903394
1903395
1903396
1903397
1903398
1903399
1903400
1903401
1903402
1903403
1903404
1903405
1903406
1903407
1903408
1903409
1903410
1903411
1903412
1903413
1903414
1903415
1903416
1903417
1903418
1903419
1903420
1903421
1903422
1903423
1903424
1903425
1903426
1903427
1903428
1903429
1903430
1903431
1903432
1903433
1903434
1903435
1903436
1903437
1903438
1903439
1903440
1903441
1903442
1903443
1903444
1903445
1903446
1903447
1903448
1903449
1903450
1903451
1903452
1903453
1903454
1903455
1903456
1903457
1903458
1903459
1903460
1903461
1903462
1903463
1903464
1903465
1903466
1903467
1903468
1903469
1903470
1903471
1903472
1903473
1903474
1903475
1903476
1903477
1903478
1903479
1903480
1903481
1903482
1903483
1903484
1903485
1903486
1903487
1903488
1903489
1903490
1903491
1903492
1903493
1903494
1903495
1903496
1903497
1903498
1903499
1903500
1903501
1903502
1903503
1903504
1903505
1903506
1903507
1903508
1903509
1903510
1903511
1903512
1903513
1903514
1903515
1903516
1903517
1903518
1903519
1903520
1903521
1903522
1903523
1903524
1903525
1903526
1903527
1903528
1903529
1903530
1903531
1903532
1903533
1903534
1903535
1903536
1903537
1903538
1903539
1903540
1903541
1903542
1903543
1903544
1903545
1903546
1903547
1903548
1903549
1903550
1903551
1903552
1903553
1903554
1903555
1903556
1903557
1903558
1903559
1903560
1903561
1903562
1903563
1903564
1903565
1903566
1903567
1903568
1903569
1903570
1903571
1903572
1903573
1903574
1903575
1903576
1903577
1903578
1903579
1903580
1903581
1903582
1903583
1903584
1903585
1903586
1903587
1903588
1903589
1903590
1903591
1903592
1903593
1903594
1903595
1903596
1903597
1903598
1903599
1903600
1903601
1903602
1903603
1903604
1903605
1903606
1903607
1903608
1903609
1903610
1903611
1903612
1903613
1903614
1903615
1903616
1903617
1903618
1903619
1903620
1903621
1903622
1903623
1903624
1903625
1903626
1903627
1903628
1903629
1903630
1903631
1903632
1903633
1903634
1903635
1903636
1903637
1903638
1903639
1903640
1903641
1903642
1903643
1903644
1903645
1903646
1903647
1903648
1903649
1903650
1903651
1903652
1903653
1903654
1903655
1903656
1903657
1903658
1903659
1903660
1903661
1903662
1903663
1903664
1903665
1903666
1903667
1903668
1903669
1903670
1903671
1903672
1903673
1903674
1903675
1903676
1903677
1903678
1903679
1903680
1903681
1903682
1903683
1903684
1903685
1903686
1903687
1903688
1903689
1903690
1903691
1903692
1903693
1903694
1903695
1903696
1903697
1903698
1903699
1903700
1903701
1903702
1903703
1903704
1903705
1903706
1903707
1903708
1903709
1903710
1903711
1903712
1903713
1903714
1903715
1903716
1903717
1903718
1903719
1903720
1903721
1903722
1903723
1903724
1903725
1903726
1903727
1903728
1903729
1903730
1903731
1903732
1903733
1903734
1903735
1903736
1903737
1903738
1903739
1903740
1903741
1903742
1903743
1903744
1903745
1903746
1903747
1903748
1903749
1903750
1903751
1903752
1903753
1903754
1903755
1903756
1903757
1903758
1903759
1903760
1903761
1903762
1903763
1903764
1903765
1903766
1903767
1903768
1903769
1903770
1903771
1903772
1903773
1903774
1903775
1903776
1903777
1903778
1903779
1903780
1903781
1903782
1903783
1903784
1903785
1903786
1903787
1903788
1903789
1903790
1903791
1903792
1903793
1903794
1903795
1903796
1903797
1903798
1903799
1903800
1903801
1903802
1903803
1903804
1903805
1903806
1903807
1903808
1903809
1903810
1903811
1903812
1903813
1903814
1903815
1903816
1903817
1903818
1903819
1903820
1903821
1903822
1903823
1903824
1903825
1903826
1903827
1903828
1903829
1903830
1903831
1903832
1903833
1903834
1903835
1903836
1903837
1903838
1903839
1903840
1903841
1903842
1903843
1903844
1903845
1903846
1903847
1903848
1903849
1903850
1903851
1903852
1903853
1903854
1903855
1903856
1903857
1903858
1903859
1903860
1903861
1903862
1903863
1903864
1903865
1903866
1903867
1903868
1903869
1903870
1903871
1903872
1903873
1903874
1903875
1903876
1903877
1903878
1903879
1903880
1903881
1903882
1903883
1903884
1903885
1903886
1903887
1903888
1903889
1903890
1903891
1903892
1903893
1903894
1903895
1903896
1903897
1903898
1903899
1903900
1903901
1903902
1903903
1903904
1903905
1903906
1903907
1903908
1903909
1903910
1903911
1903912
1903913
1903914
1903915
1903916
1903917
1903918
1903919
1903920
1903921
1903922
1903923
1903924
1903925
1903926
1903927
1903928
1903929
1903930
1903931
1903932
1903933
1903934
1903935
1903936
1903937
1903938
1903939
1903940
1903941
1903942
1903943
1903944
1903945
1903946
1903947
1903948
1903949
1903950
1903951
1903952
1903953
1903954
1903955
1903956
1903957
1903958
1903959
1903960
1903961
1903962
1903963
1903964
1903965
1903966
1903967
1903968
1903969
1903970
1903971
1903972
1903973
1903974
1903975
1903976
1903977
1903978
1903979
1903980
1903981
1903982
1903983
1903984
1903985
1903986
1903987
1903988
1903989
1903990
1903991
1903992
1903993
1903994
1903995
1903996
1903997
1903998
1903999
1904000
1904001
1904002
1904003
1904004
1904005
1904006
1904007
1904008
1904009
1904010
1904011
1904012
1904013
1904014
1904015
1904016
1904017
1904018
1904019
1904020
1904021
1904022
1904023
1904024
1904025
1904026
1904027
1904028
1904029
1904030
1904031
1904032
1904033
1904034
1904035
1904036
1904037
1904038
1904039
1904040
1904041
1904042
1904043
1904044
1904045
1904046
1904047
1904048
1904049
1904050
1904051
1904052
1904053
1904054
1904055
1904056
1904057
1904058
1904059
1904060
1904061
1904062
1904063
1904064
1904065
1904066
1904067
1904068
1904069
1904070
1904071
1904072
1904073
1904074
1904075
1904076
1904077
1904078
1904079
1904080
1904081
1904082
1904083
1904084
1904085
1904086
1904087
1904088
1904089
1904090
1904091
1904092
1904093
1904094
1904095
1904096
1904097
1904098
1904099
1904100
1904101
1904102
1904103
1904104
1904105
1904106
1904107
1904108
1904109
1904110
1904111
1904112
1904113
1904114
1904115
1904116
1904117
1904118
1904119
1904120
1904121
1904122
1904123
1904124
1904125
1904126
1904127
1904128
1904129
1904130
1904131
1904132
1904133
1904134
1904135
1904136
1904137
1904138
1904139
1904140
1904141
1904142
1904143
1904144
1904145
1904146
1904147
1904148
1904149
1904150
1904151
1904152
1904153
1904154
1904155
1904156
1904157
1904158
1904159
1904160
1904161
1904162
1904163
1904164
1904165
1904166
1904167
1904168
1904169
1904170
1904171
1904172
1904173
1904174
1904175
1904176
1904177
1904178
1904179
1904180
1904181
1904182
1904183
1904184
1904185
1904186
1904187
1904188
1904189
1904190
1904191
1904192
1904193
1904194
1904195
1904196
1904197
1904198
1904199
1904200
1904201
1904202
1904203
1904204
1904205
1904206
1904207
1904208
1904209
1904210
1904211
1904212
1904213
1904214
1904215
1904216
1904217
1904218
1904219
1904220
1904221
1904222
1904223
1904224
1904225
1904226
1904227
1904228
1904229
1904230
1904231
1904232
1904233
1904234
1904235
1904236
1904237
1904238
1904239
1904240
1904241
1904242
1904243
1904244
1904245
1904246
1904247
1904248
1904249
1904250
1904251
1904252
1904253
1904254
1904255
1904256
1904257
1904258
1904259
1904260
1904261
1904262
1904263
1904264
1904265
1904266
1904267
1904268
1904269
1904270
1904271
1904272
1904273
1904274
1904275
1904276
1904277
1904278
1904279
1904280
1904281
1904282
1904283
1904284
1904285
1904286
1904287
1904288
1904289
1904290
1904291
1904292
1904293
1904294
1904295
1904296
1904297
1904298
1904299
1904300
1904301
1904302
1904303
1904304
1904305
1904306
1904307
1904308
1904309
1904310
1904311
1904312
1904313
1904314
1904315
1904316
1904317
1904318
1904319
1904320
1904321
1904322
1904323
1904324
1904325
1904326
1904327
1904328
1904329
1904330
1904331
1904332
1904333
1904334
1904335
1904336
1904337
1904338
1904339
1904340
1904341
1904342
1904343
1904344
)
;
        ngbPolyPatchIndex -1;
    }
)

// ************************************************************************* //
